1.0 0.0 0.0 0.0 0.0 1.0 0.0 0.0 0.0 0.0 1.0 0.0
0.999990420662788 -0.0027346002093051394 -0.0034176811371604485 -0.00018985576409500567 0.0027279402159225323 0.9999943743301164 -0.0019518325484937466 -0.004049446998526989 0.0034229993921102483 0.0019424906214123095 0.9999922548726801 0.6562821879460126
0.9999683409448034 -0.0014556769648487308 -0.007822922259173415 -0.00706304445761938 0.0014273583575192435 0.999992413457284 -0.0036243173141270834 -0.004694093699498736 0.007828138745467034 0.003613036458198313 0.999962832414952 1.3397705523695551
0.9999344110779551 -0.001178449360562919 -0.01139231316674642 -0.02075609733559056 0.0011207839481790348 0.9999865353847837 -0.005066842456225038 -0.00866152791963935 0.01139813079088583 0.005053741805760264 0.9999222681329956 2.024391569655408
0.9998743278792183 0.00050612380119943 -0.0158452607041081 -0.0404976229591158 -0.0005975399578197544 0.9999832031242534 -0.005765103238826736 -0.014038730507707847 0.015842076697267362 0.00577384690248898 0.9998578355435658 2.726529705199143
0.9997815992588279 -0.0008019059760327657 -0.02088326435852513 -0.05155535061570953 0.0006778341827773416 0.9999820830908919 -0.0059476077558720175 -0.025263506792059458 0.020887659617178297 0.00593215340349976 0.9997642298220686 3.450752667706499
0.9996741296572507 0.0010200925355967514 -0.025506742348626054 -0.07641655273195508 -0.0012032830498330434 0.9999735875573469 -0.007167726109943961 -0.03296453547466109 0.02549875690935458 0.007196082191304351 0.9996489532816877 4.171435441494565
0.9995520222117508 0.003377158628400448 -0.02973801762055284 -0.10959374940301897 -0.003603953351159146 0.9999648062681642 -0.007576129969291541 -0.04388070264463376 0.02971138523604 0.007679910459604994 0.9995290153680825 4.896113855409209
0.9994375459990019 0.0036851397604575715 -0.03333183751971879 -0.14791610738578323 -0.0038825018820762363 0.9999753026811137 -0.0058583450689472325 -0.052913457163869984 0.03330942549235474 0.00598446094122751 0.9994271701332781 5.652912860777322
0.9992950921776609 0.002489686346902114 -0.03745824624212347 -0.1830546241206054 -0.0025946604876079574 0.9999928413674576 -0.0027540789366924776 -0.06457554297397963 0.03745112129957623 0.002849328996366344 0.9992943984820865 6.434371481563947
0.9991637048241768 0.002208222264044859 -0.040829091545846304 -0.21664288146386818 -0.0022031647566739896 0.9999975587718183 0.000168865198650808 -0.07650478810249549 0.040829364764608946 -7.877076195884585e-05 0.9991661307150508 7.221515511240928
0.999044574104237 0.003901285976235591 -0.04352836914721567 -0.2571145167727535 -0.003933299857829504 0.9999920533920816 -0.00064984991622842 -0.07919685923960872 0.043525487993968125 0.0008204391609685541 0.9990519800162905 8.028435677233647
0.998947064169848 0.0032951794302738826 -0.045759204308690335 -0.29902584274797717 -0.003337877236419452 0.9999940622860195 -0.0008567194738576813 -0.08678930660730727 0.04575610955923561 0.0010085560096460783 0.9989521316123106 8.833148567476416
0.9988615837566923 0.0007467243990467533 -0.04769673885859362 -0.33900484638848233 -0.0008259104955789417 0.9999983132928465 -0.001640513124921745 -0.08877762015401168 0.04769543339698587 0.0016780387753613365 0.998860515697233 9.654848806931293
0.9987680112665411 0.0007102176229454903 -0.04961809409488065 -0.3844185437224824 -0.000754755152071918 0.999999328960524 -0.0008788760766118273 -0.09646908779353768 0.04961743660590309 0.0009152428233416278 0.9987678770941893 10.48871631353605
0.9986538813117978 -0.0007679431802356453 -0.05186362505799259 -0.42321047987427385 0.0006980481508558362 0.9999988236998881 -0.0013657699713563553 -0.10185703574775241 0.05186461288454023 0.00132772817530591 0.9986532426564435 11.344137410011918
0.9985859786817857 0.00166679892522738 -0.053134404687403894 -0.48202352909146384 -0.001875599621977579 0.9999907136339036 -0.0038800479391611496 -0.10971621543720056 0.0531274440021351 0.003974220338005376 0.9985798316942444 12.177545624649314
0.9985339445325997 0.0021857581428107046 -0.05408497090236982 -0.5393461121436683 -0.0025452925350389816 0.9999751148931625 -0.00657959575607311 -0.12056138107827288 0.05406924358709065 0.006707611776437432 0.9985146593025949 13.012247193605656
0.9984129060035151 0.006270389357994323 -0.05596741322338416 -0.5949965145937856 -0.006748629108918147 0.9999422810307502 -0.008360060536015191 -0.12979817259689044 0.05591176200736438 0.00872449564815861 0.9983975951718421 13.87581721818469
0.9983320735035319 0.00683314369775103 -0.05732694969511347 -0.6462953869901895 -0.0073022549147345175 0.9999415158103555 -0.007977595630542468 -0.1439232972080916 0.05726908491761 0.008382905587570303 0.9983235842183683 14.752000953494711
0.9983168087642031 0.006019287207559809 -0.057682904923144165 -0.7066596073431974 -0.00638836434405985 0.9999602735845317 -0.00621611243068346 -0.16234884685189574 0.05764319682206335 0.006574148937792447 0.9983156026156642 15.607844258883462
0.9982323179518188 0.006879137483200443 -0.05903318443069851 -0.7611501110298607 -0.007155455023529514 0.999964405960531 -0.004470601235133923 -0.17635374065330506 0.059000329320673214 0.004885107929675822 0.9982460101901572 16.47903774001648
0.9982004903011998 0.006471523399739889 -0.05961460011887463 -0.8224434821572066 -0.006762765510487268 0.9999661575472705 -0.004684950671310125 -0.18313829373233995 0.059582263846692456 0.005079679618744368 0.9982104741435417 17.35517172453125
0.9981118758822909 0.006079354763627208 -0.06112057483690828 -0.8841139705882827 -0.0064114468675055495 0.9999657238824637 -0.00523874119235029 -0.19896058072564532 0.0610866316946785 0.005620721116837069 0.9981166419423764 18.24574181168683
0.9980763768843209 0.005076270276206854 -0.06178816541662233 -0.9379831225770352 -0.005444328911043422 0.999968417782311 -0.0057898808834508965 -0.21830816303560563 0.06175682300910048 0.006115138430084838 0.9980724923039428 19.086807114545923
0.9980365085582856 0.004899527186094502 -0.06244295170907598 -0.9947321908011751 -0.005155808452753557 0.9999789319073941 -0.003943777445526857 -0.22830350113791345 0.06242231351037695 0.004257977770501439 0.9980407428563818 19.968429965809054
0.9980455157983388 0.00578770099425232 -0.06222259165312318 -1.052019956506539 -0.005819309587424724 0.9999830142808331 -0.00032678087244120173 -0.24166945222585218 0.062219643447675624 0.0006882347085504081 0.9980622437013787 20.84697319759145
0.9981059570899722 0.007338313393788119 -0.0610790273174634 -1.1113077080202616 -0.00714810307240331 0.9999689004102624 0.0033320916479656786 -0.2515512622286488 0.06110157971754228 -0.0028891813405765698 0.9981273714247106 21.741024704073546
0.9981933466312548 0.00643115458822854 -0.05973845488259941 -1.1664384879729313 -0.006049107552601427 0.9999600947866758 0.0065739738387630186 -0.26354901552402654 0.05977834924883015 -0.006200732608169774 0.9981924162586124 22.665783432047327
0.9982506037664539 0.007242388695948268 -0.0586794673279317 -1.2203780170887757 -0.006836315967253052 0.9999512983666469 0.0071179827792874194 -0.26951910754236375 0.058728160740047664 -0.006704379227578728 0.9982514985890398 23.5949255475909
0.998317064795142 0.006708058342985536 -0.05760243130356923 -1.2739135072325334 -0.00647321359795088 0.9999699633385508 0.00426261966468325 -0.2699825911427607 0.05762929502024663 -0.0038825731103950844 0.9983305013779314 24.526686723052904
0.9983654802602697 0.007682238657857794 -0.0566334797967388 -1.3249830660357675 -0.007721940033724238 0.9999700691063204 -0.0004822173883804998 -0.2795043288274239 0.056628080197014236 0.0009187495294321718 0.9983949200754694 25.421521247397298
0.9984104608913072 0.006722893024802699 -0.05595850509249756 -1.3739698673992462 -0.006912665041512712 0.9999709921490227 -0.0031984250055695457 -0.28931566324091906 0.055935379187361065 0.0035801633858654805 0.998427972257036 26.339010866835718
0.9984538497403053 0.003675692846839046 -0.05546529744680353 -1.419532139023974 -0.0037992685508599897 0.999990529803434 -0.002122701561512972 -0.2973069325651601 0.05545696978058893 0.002330147106196408 0.9984583591303234 27.24549319248226
0.998420409437096 0.0019465882909227635 -0.05615066173688668 -1.469317448341559 -0.001786240889955719 0.9999941830760122 0.002905711206511874 -0.3103215241662449 0.05615599133616732 -0.0028008227645187757 0.9984180787770692 28.189348288412166
0.9983544076046724 -0.0018239526558144607 -0.057316228182216 -1.5044883400084936 0.002188884246404092 0.9999777285802968 0.0063048496524220335 -0.32025280840071174 0.05730345192117473 -0.00641993302871142 0.9983361652558843 29.096872586899508
0.9982226327737347 -0.010077246983098012 -0.05873690927786547 -1.5512915788768296 0.010421397137760535 0.9999302613752051 0.005555795875125694 -0.31988676919805326 0.05867682591936676 -0.006158041843850471 0.9982580370929541 30.038473317578624
0.9980583296311989 -0.01182771701427684 -0.061152888435558786 -1.5903955606465672 0.011958382287382932 0.9999269274085218 0.0017711398637662618 -0.32965662041850796 0.061127471294423405 -0.0024989905118636777 0.9981268392842522 30.95506958955707
0.9979583260059933 -0.01157542105153027 -0.06281074098270441 -1.6440410059508757 0.01146933414205635 0.9999321250743446 -0.0020492971084880686 -0.33750488812776175 0.06283019918522062 0.001324715735835099 0.9980233520306852 31.822205582027436
0.9978542271900741 -0.010465734894494191 -0.06463288382873494 -1.7121651758900234 0.010300918036572272 0.9999427887351066 -0.002882766771244099 -0.3409388161016128 0.06465935637248824 0.002210802969902096 0.9979049453649 32.74224436152378
0.997809502844494 -0.010283306115751421 -0.06534867748129339 -1.7703567675489549 0.01020782600946369 0.9999467904192814 -0.0014888311970477277 -0.35485741333043513 0.06536051041251842 0.0008185019868682186 0.9978613800188444 33.61516040123985
0.9977915499048059 -0.007100742343293976 -0.06604242876166394 -1.8434026716665153 0.0072168112931443595 0.9999728046373519 0.0015190854032156044 -0.369135945899788 0.06602984607981831 -0.0019923463246259237 0.9978156593192944 34.548820739145654
0.9977121730138356 -0.007595746244848487 -0.06717681489170627 -1.9180904601686988 0.007794927117544849 0.9999659647846167 0.002703402226384757 -0.3722659928279817 0.06715399415703369 -0.0032208556858862323 0.9977374239535209 35.504714568157794
0.9976361850798489 -0.006534722786075825 -0.06840569872046642 -1.975657925651074 0.006901298872618718 0.9999630581686229 0.005123902021050374 -0.3776589648271516 0.06836968840938885 -0.005583878236463674 0.9976444286471224 36.44639408739483
0.9976517170632838 -0.006460175300425783 -0.06818590452409881 -2.0445150457482666 0.0070374694759224215 0.9999413716237355 0.00822966212023529 -0.38714772398439884 0.0681287418352728 -0.008690192766879741 0.997638689649523 37.40255715908812
0.9976187906510735 -0.0007145527895637957 -0.06896548378864663 -2.118966342038832 0.0014087224750273723 0.9999488327335583 0.010017355727771127 -0.38016206172730144 0.06895479708388343 -0.010090655533674721 0.9975687518311815 38.388554537595724
0.9975879670087867 -0.0015409493137112265 -0.06939649526085052 -2.193722549808399 0.002193541272195602 0.9999540817886043 0.009328595338579585 -0.37514197008996036 0.06937893380532653 -0.009458318535361524 0.9975455396895523 39.38838432849672
0.9975882216032963 -0.0019362349985413228 -0.06938293098740873 -2.2534189591146956 0.0024660149590827658 0.999968451931454 0.007550755725588954 -0.376169422742878 0.06936612205244508 -0.007703644321771019 0.997561524406174 40.34537016369854
0.9976113071397918 0.0007833443726809307 -0.06907290524099267 -2.3216984983534688 -0.00040222891825108826 0.9999846212478961 0.005531318070104295 -0.3887169216620314 0.06907617591279007 -0.005490322330166916 0.9975962802065658 41.2743663916139
0.9975193164523855 0.0010297891733910753 -0.07038574314891324 -2.377886522845104 -0.0006320861397259992 0.9999837121869504 0.005672374098427354 -0.40303163673574466 0.07039043806852191 -0.00561381288064645 0.997503719959712 42.20591779801311
0.9973894729532832 -0.0008126980519735017 -0.07220511591187817 -2.437401775355479 0.001304658616670547 0.9999762560681804 0.0067664736572403275 -0.4089090397916491 0.07219790237856935 -0.006843012621389031 0.997366851299159 43.16077881920238
0.9973309100408426 -0.0007212395993548202 -0.0730105176707053 -2.509140382153538 0.0012940545126292563 0.9999687527493075 0.007798650390178647 -0.4174918436141781 0.0730026115972739 -0.007872314680588117 0.9973006795152344 44.12780555543695
0.9973028032070212 0.0014513355513115144 -0.07338264331934616 -2.5936214067391954 -0.0011303571132582325 0.9999896133079947 0.00441537868356109 -0.4260791658975672 0.0733882893124878 -0.00432052094546996 0.9972940850574353 45.100445359271454
0.9972462505936714 0.0020330324503262695 -0.07413354474136347 -2.6645031789000675 -0.0020259859686575328 0.999997933195525 0.00017025136849478745 -0.43424769769173155 0.07413373764837872 -1.958901743668429e-05 0.997248308375879 46.01558427311399
0.997203578990536 0.0025134717819503155 -0.07469072571656087 -2.737416647998082 -0.0026044333907105353 0.9999959807302461 -0.0011204686797421984 -0.44271031761729884 0.07468760924797739 0.0013118623976186659 0.9972061171301907 46.9325526264525
0.9971727248880583 0.0010409244913389818 -0.07513636413566796 -2.8057912856563543 -0.0008541914313094956 0.9999964666504289 0.002517348535940154 -0.45476731637025214 0.07513871902237268 -0.0024460504606517793 0.9971700906770224 47.87122913419419
0.9971766792413166 -0.0012463988964292521 -0.07508073565869733 -2.8904794102960407 0.001662692216040967 0.9999835894688658 0.005482357846101759 -0.4597485019976349 0.07507267033917842 -0.005591715546142489 0.9971623874201216 48.819555775367064
0.9971482156004828 -0.003456723277129176 -0.07538890627246195 -2.9581077785894383 0.003920463902970264 0.9999742895128553 0.00600418820835469 -0.467672156610037 0.07536621316981668 -0.006282625043815745 0.9971361303929376 49.74040585745626
0.9971144291901888 -0.006217739377276511 -0.07565814442450722 -3.023304586883911 0.006582144133712168 0.9999679035798309 0.004568061816222864 -0.4743775238080792 0.07562731305108233 -0.0050528731618797685 0.9971233514432828 50.64650057368661
0.9970221704513161 -0.009759077887086798 -0.07649543795116005 -3.0826836239446673 0.01005493908824922 0.9999433801106484 0.0034835000815896435 -0.4834713630312932 0.07645711103931181 -0.004242283781241589 0.9970638461000592 51.54636480272469
0.9969541972592061 -0.010702798997606766 -0.07725139908680388 -3.1560817851850964 0.011076619738808633 0.9999289182128137 0.0044121442530642065 -0.4920447320041588 0.07719868562620558 -0.005254390103980893 0.997001882807762 52.43790088386287
0.9968392582309424 -0.013787940266421338 -0.07823928650488882 -3.2216827171742572 0.014504856998061746 0.9998577953806079 0.008602217161410144 -0.5006609910713544 0.07810955366055002 -0.009709877436705346 0.9968974951854953 53.33060754189747
0.9967624196892934 -0.014569156913177912 -0.07907223508908695 -3.288694295527926 0.015700260657485945 0.9997828568853306 0.013701857300715254 -0.5030961160557977 0.0788554405886602 -0.014898951138967024 0.9967747191539962 54.25312301839291
0.9967893369521279 -0.01266601435627454 -0.07906067175823667 -3.373025144777276 0.013990381810050792 0.9997705659407733 0.016219885797088582 -0.5087044601841229 0.07883709124102736 -0.01727389819317602 0.9967378419052159 55.16875174208977
0.9967613441696037 -0.010815895267709416 -0.0796858781639646 -3.451662918425148 0.011839711692478359 0.9998531824025052 0.012386882845055831 -0.5189030232883615 0.07954020364723324 -0.013290223818132562 0.9967430591454458 56.050610393012384
0.9966906316762897 -0.008857505196862651 -0.08080426554586091 -3.5260215887575974 0.009261268879582148 0.9999464251673498 0.004623385531508358 -0.5270499516880619 0.08075898480948494 -0.005356435075719404 0.996719265879727 56.91817078132276
0.9966272639135569 -0.007426792191173731 -0.08172477948532576 -3.6016194806885657 0.0074522801240852355 0.9999722313514825 6.847259731986241e-06 -0.5346871068239385 0.08172245924547442 -0.0006158601155357177 0.9966549354571974 57.78902550803646
0.9965632855919373 -0.0024950225632313747 -0.08279729870358422 -3.680258713449735 0.0025867534110881572 0.9999961537030989 0.0010006426904314403 -0.5471953556489396 0.08279448361450092 -0.001211379962130264 0.9965659065217893 58.6350783779935
0.9965175831776749 0.00040103110111468644 -0.08338192604983762 -3.7584890652439618 -0.00011223687205081292 0.9999939795827497 0.0034681697096639124 -0.5667080478989276 0.08338281489976969 -0.003446733570558866 0.9965116287365063 59.47496179545043
0.9963953389453716 0.002913476267829185 -0.08478113106095198 -3.834325096890728 -0.0024611609879919088 0.9999821791543255 0.005439123123448616 -0.5823318085246957 0.08479546694563782 -0.005210856915868915 0.9963847528719384 60.33516422743527
0.9963163922594978 0.002955352077539267 -0.08570246442848231 -3.9157306241521126 -0.0025477237056209688 0.9999849188425546 0.004865304858250048 -0.5830311117174792 0.08571555062494411 -0.004629036783359485 0.9963088960756702 61.18606370689453
0.9961718232898504 0.00482838125373328 -0.08728336163234439 -3.992861061831352 -0.004366704385990341 0.9999754528283725 0.005479565082308974 -0.5882126802199594 0.08730767650200884 -0.0050774477008149735 0.9961684542027345 62.01231105307391
0.9960468916590659 0.005720361847687249 -0.088644611097594 -4.07166677110415 -0.005210702813629594 0.9999685447538738 0.005979805933558645 -0.5950675402416838 0.0886760294132538 -0.00549426638838618 0.9960453678645127 62.83610908728643
0.9959057577423607 0.005903960433271776 -0.09020457276000836 -4.143089881701163 -0.0053171447856859635 0.9999631204477507 0.006744309877232761 -0.6087177193304264 0.09024106419441978 -0.0062370662650388575 0.995900421396368 63.62703392986334
0.9958431352931721 0.005853958737454686 -0.09089654039931135 -4.217183730563873 -0.005167691360211759 0.999956355089866 0.007783500587149473 -0.6175142797873576 0.09093813751924501 -0.0072814203617685294 0.9958299232610183 64.40721268558256
0.9957114238636657 0.008471682708920077 -0.09212486623854092 -4.294547069896798 -0.007541034999991906 0.9999170093232354 0.010445441934172416 -0.62126447400036 0.09220571120336646 -0.00970592902048568 0.9956926743545571 65.18624632265373
0.9955837474362681 0.009834199917204049 -0.09336107514775203 -4.382137642549678 -0.008503494669607644 0.9998566634598567 0.014640461513261822 -0.6257175617564182 0.09349167031965863 -0.013781910132701943 0.9955246689730666 65.96491393320962
0.9953688116693882 0.013099599585005676 -0.09523302602869158 -4.456762700582539 -0.011596981677900653 0.9997996497135764 0.016314731029553678 -0.6299808594182192 0.09542766250847479 -0.015134758779606657 0.9953213050592513 66.71107696033701
0.9951841702057682 0.01606176610490451 -0.09669791642763755 -4.528776446468097 -0.014910443027381827 0.9998092232255422 0.01261728345800929 -0.6428785916791369 0.0968821245668273 -0.011114711994649107 0.9952338002282142 67.43176170868156
0.9950793441012347 0.016071982510036952 -0.09776906627994826 -4.606546303510597 -0.01565624091663819 0.9998648416036516 0.005018032010532266 -0.6464555403109423 0.09783650169244637 -0.003462643945845769 0.9951964776030348 68.12712318314989
0.9949197797665595 0.01540061229657648 -0.0994859435807391 -4.661735138364264 -0.015519814175838071 0.9998794703958671 -0.00042432160216116795 -0.6602273016509884 0.09946741776685947 0.0019661693124534297 0.9950388771204003 68.79737765189833
0.9948729927499501 0.016483637614582686 -0.09977984760334699 -4.737218615814274 -0.016684511016155472 0.9998601087730694 -0.001178972625713333 -0.6770897634925044 0.09974645552052389 0.0028377059910420833 0.995008840179724 69.44894603832294
0.994793951502517 0.019177999175718646 -0.10008595506674607 -4.8215040627579295 -0.019031280658082628 0.9998159586223961 0.002420586806202447 -0.6854201562759457 0.1001139571214718 -0.000503221213089496 0.9949758501380273 70.11112833544418
0.9945780415175661 0.019770836168793538 -0.10209619663957983 -4.884801395895269 -0.019373050018219116 0.9998003842536131 0.004886366678191625 -0.70177585242711 0.1021724241861404 -0.002881958276763953 0.9947625294774718 70.7539625808485
0.9945839507912004 0.01672406437973797 -0.10258201840083052 -4.95592023689731 -0.016675125526487387 0.9998600696476013 0.0013346583697069246 -0.7042916383882437 0.10258998497534674 0.0003831382392946488 0.9947236541813246 71.36460931368566
0.9946926223979531 0.008454939927533347 -0.1025431662174665 -5.007908090176805 -0.008873745359209038 0.999954043559071 -0.0036286930371460606 -0.7200777683419598 0.10250777331686188 0.00451937613833692 0.9947219368491572 71.94818196482633
0.9947372909678623 0.004199981585290341 -0.10237227218637053 -5.039121562175523 -0.0050356510749706785 0.999956067907334 -0.007905977077417276 -0.7406996192337134 0.10233456980008443 0.00837988126292661 0.9947147397188053 72.50718703330843
0.9949300052590615 0.00664332960587225 -0.1003501410410076 -5.07094771664956 -0.007470710887204995 0.9999411130427419 -0.00787139921975912 -0.7560737676418545 0.10029193942706596 0.008581178158318778 0.9949210472531843 73.06764259722046
0.9953039737984084 0.011366331692605269 -0.09612911236950526 -5.132716182274861 -0.01190156382095778 0.9999166914590191 -0.00499629064996974 -0.7671418701134307 0.09606431449664866 0.006116914704084431 0.9953563335985722 73.60723835565959
0.9958037254719777 0.0099133260752226 -0.09097618535778494 -5.182648678095375 -0.01008799565382206 0.9999480485832422 -0.0014603007392897023 -0.7851248812650238 0.09095698257866877 0.002371940278984828 0.9958519976479925 74.13899820913277
0.9962845380101463 0.006298177294515308 -0.08589209675327253 -5.211669776154918 -0.006050542357180588 0.9999767555992238 0.0031431192196434503 -0.802144525560626 0.08590989616505605 -0.0026117473101005444 0.9962994873615553 74.67946364157207
0.996945470972619 0.0016859487606151267 -0.07808255556753102 -5.235661224116465 -0.0011400791901026255 0.9999746043205908 0.007034979268833526 -0.8228627050529321 0.07809243322256244 -0.006924470423737284 0.9969220749801514 75.21387071863268
0.9977794398011294 0.005249167139856034 -0.06639755834726703 -5.2777549875290335 -0.004809886055626593 0.9999654880068044 0.006774052807635591 -0.8307561795568308 0.06643082497058733 -0.006439645925563774 0.9977702523397262 75.7200518205812
0.9986160861551366 0.010504282999867828 -0.05153224729091348 -5.304780072413244 -0.010201103077704601 0.9999290992005625 0.006142806194602412 -0.8324050673898304 0.05159311938806582 -0.0056086193136230455 0.9986524387499407 76.22443082153498
0.9993050614503354 0.016028554460378285 -0.033652334267457826 -5.318560133931986 -0.015817864664530185 0.9998536465488298 0.006517717426920311 -0.8321882601760757 0.03375187872093315 -0.005980879944736367 0.9994123472110469 76.71621439629861
0.9998338616174082 0.014031868709726615 -0.011634252177558226 -5.3135244523342475 -0.013947314919085138 0.9998759576268411 0.007317223951038217 -0.8436398843206822 0.011735483363109308 -0.007153741700317516 0.999905546744251 77.19296814845517
0.9998232390592137 0.010560967886163185 0.0155549540162127 -5.294390681629315 -0.010687048370752208 0.9999105301827772 0.008044788792302799 -0.8454602331717441 -0.015468601561233164 -0.008209603333843579 0.999846650631406 77.65428913637058
0.9989552111526004 0.0094594922426344 0.04471022385955308 -5.249354137529362 -0.009903945212901189 0.9999036177368231 0.00972970225789867 -0.8544697813190358 -0.0446138765439593 -0.01016234438105101 0.9989526158814549 78.11121072030704
0.996911420931796 0.009065441634284611 0.07800920832644849 -5.197560568369645 -0.009980572159920646 0.9998857856827131 0.011349174816642355 -0.8599142678706674 -0.07789741327608068 -0.01209269852570103 0.9968880376688558 78.56563327381448
0.9934085095475877 0.009228390554591723 0.11425572180949274 -5.115277475139789 -0.010636760455647402 0.9998747080437892 0.011722949345239033 -0.8633639416274227 -0.11413322253159035 -0.01286098838012883 0.9933822036318353 79.01461851296361
0.9875141359784885 0.009630405239842783 0.15723576736089798 -5.042458223296774 -0.011623209515264481 0.9998632996624863 0.01175937875081743 -0.8662453935266953 -0.15710102559569228 -0.013440137014084998 0.9874910786806252 79.45461529749329
0.9793711493451098 0.009564283164283458 0.20184319735375564 -4.921018396437374 -0.012077945411800432 0.9998640454709252 0.011225587251503065 -0.8633971419250938 -0.20170839116175499 -0.013431867407958748 0.9793535162916769 79.88839449110627
0.9680930128846211 0.012148361059829556 0.25029649563574025 -4.779920066871358 -0.014789464373298531 0.9998530083573913 0.008673720206526283 -0.8617624496492275 -0.2501543326579082 -0.012098719032618969 0.9681303790555521 80.30497694836527
0.95251878686283 0.013002106097918801 0.3042020807134237 -4.631355663665021 -0.015468026468865947 0.9998641290655639 0.005697680678621779 -0.8677278087217153 -0.304086666643766 -0.01013255372429046 0.952590484166469 80.69257094307711
0.9330111918082211 0.013469678587890084 0.35959516642932904 -4.44983455964914 -0.015534746207489356 0.9998752569064503 0.002853469208633487 -0.865292924477948 -0.3595118741027443 -0.008248538355053625 0.9331040531442021 81.06465091517273
0.9085488916277081 0.014167826110555505 0.417538242829755 -4.257577860477536 -0.016011562493269457 0.9998713897232847 0.0009131699443630074 -0.8698644270459001 -0.4174716054878266 -0.007515099209216188 0.9086588919365134 81.4170211004044
0.8790202130002344 0.014862433572142628 0.47655280211675616 -4.050420842468205 -0.01597996756543429 0.9998708538935793 -0.0017076799254768396 -0.8683656219677199 -0.47651663745731637 -0.0061142131492125645 0.8791441921686902 81.7559533006533
0.8460095678744054 0.01349202544739794 0.532996975896003 -3.8114330826190606 -0.013198288566484783 0.9999033851310366 -0.004361832459559137 -0.8731224504830724 -0.5330043304175633 -0.003344495898684451 0.8461059024160683 82.0481042570284
0.8097067946674377 0.01334883293561312 0.5866828064027761 -3.5540148161721636 -0.012416322136028043 0.9999071510672304 -0.00561464061405325 -0.8834697303214601 -0.586703282429881 -0.0027382300611487995 0.8097973576655685 82.32868413730269
0.7697735971740467 0.012881679610902816 0.6381870191598437 -3.2844223231994687 -0.01184464928181589 0.9999124659502954 -0.005896161512875683 -0.8839698861917842 -0.6382071085291339 -0.003020391960868007 0.7698587947508855 82.60045665974242
0.7275618422084332 0.012380854631094122 0.6859303756219509 -2.999033085934869 -0.013561463085985792 0.999901328281239 -0.003663389192706289 -0.8966481094528237 -0.6859080495818931 -0.006636877278779353 0.7276579549340132 82.84523317072028
0.6827086378573165 0.011066039033659292 0.7306069111191797 -2.692772892071516 -0.01240921005188241 0.9999167030362638 -0.0035494358667163975 -0.9055057407297372 -0.7305853319776506 -0.0066430240997047115 0.6827890911034808 83.07152259851136
0.6364557032510966 0.009786728112150004 0.7712511638577974 -2.3705672927061308 -0.008986421861328555 0.9999457188516169 -0.005272909296500222 -0.9116645653940137 -0.7712609039885795 -0.003574815124981124 0.63650910337209 83.27803632423748
0.5896144323310386 0.007339245883206416 0.8076515069365058 -2.0414206304788682 -0.003823467445453004 0.9999728727007183 -0.006295630179881026 -0.924277865079129 -0.8076758027102452 0.0006239651706361393 0.5896264990515835 83.46301397700105
0.5430484523462255 0.009424380185566288 0.8396484737451042 -1.7066727026874329 -0.006501059497822824 0.99995423333379 -0.007019078517357688 -0.9396027705814136 -0.8396761962981765 -0.0016469049593236845 0.5430848672852904 83.63308167442365
0.49552843187734824 0.01237179995940488 0.8685036049245487 -1.347009213415563 -0.010271897597509292 0.999912102567833 -0.008383033944558254 -0.947818482444439 -0.8685309789068677 -0.00476714842793098 0.49561195806290315 83.81053228870397
0.44967572166176656 0.014437035517834734 0.8930752025184789 -0.9829053950106891 -0.011266106260762838 0.999881500117945 -0.010490975722174035 -0.9610011193298831 -0.8931208318014368 -0.005343943051620621 0.44978508431802344 83.96470492609757
0.4079923942372579 0.011863569291443462 0.9129082440027656 -0.6134854200674515 -0.004526599472180531 0.9999295662501807 -0.010971437277686253 -0.9730601518014381 -0.9129741048582749 0.0003438929876951514 0.408017359429529 84.07554452688872
0.367969998332993 0.0046568567496236505 0.9298260020089925 -0.23351198016810487 0.01051063457636223 0.9999027387760472 -0.009167308708464942 -0.9744133998617498 -0.9297782568374139 0.013146355896888498 0.36788526260100934 84.17817474836043
0.3331323936052921 0.0012539755010141083 0.9428792265588672 0.14845418732741883 0.01423807389002286 0.9998784045797255 -0.00636029142409856 -0.9820023195654252 -0.9427725524126758 0.01554360320325028 0.33307403203604663 84.26686821358105
0.3003265841316082 0.00524299810088151 0.9538220241925379 0.5484036758701134 0.012032182803756727 0.9998845035428574 -0.009284726804004585 -0.9879619163295056 -0.9537605409330046 0.014265011242977311 0.3002288127635672 84.37050164353941
0.268600134380989 0.01298232268987777 0.9631642783596611 0.9628673439795579 0.0009825926995797945 0.9999049600094694 -0.013751562094633912 -1.0039123892874555 -0.9632512664523738 0.004640069614980788 0.26856185029126367 84.49532690664714
0.24053337553022128 0.017310122601926853 0.9704865042397756 1.3943361856063143 -0.003411260707446477 0.999849867708901 -0.016988388471919778 -1.0202333159407915 -0.9706348739646768 0.0007756919449507918 0.2405563130445415 84.59210983288162
0.21520361560126 0.01901656650951758 0.9763840299955395 1.8300313637725534 -0.0019436877646373093 0.9998167468339942 -0.019044548515432285 -1.0368690227828556 -0.9765672664542977 0.0022006700053264433 0.21520114112501637 84.66856003636003
0.19216524196573034 0.020472558565598313 0.9811490172884175 2.251410101226657 0.005602000991586054 0.999743204733463 -0.021957736088897575 -1.0479971597119353 -0.981346593903063 0.009715911436287462 0.19200120754781694 84.7180752908442
0.17241876859671854 0.026746005017282002 0.9846605605238811 2.662243786342369 0.01269835222663206 0.999487878886267 -0.0293722966441709 -1.0496514846742577 -0.9849418866543954 0.01756790183945211 0.1719908391125527 84.75842088406618
0.1529993069023654 0.033886970534901535 0.9876451211418802 3.0967094164132813 0.01599963763230267 0.999195965906293 -0.03676184587608521 -1.0408103582593449 -0.9880967683800173 0.021426500987075114 0.15233411099428856 84.80667737926761
0.13585967625041465 0.03448233288321037 0.9901278286605527 3.5356832675555125 0.013397530941061239 0.9992387931181098 -0.03663796518010524 -1.0585925534616578 -0.9906374990549363 0.018242890307929548 0.13529428080815964 84.85574696535144
0.12011077723725036 0.03032038139533587 0.9922973725972983 3.988946080715956 0.01193072136266488 0.9994172328678608 -0.03198206582611779 -1.0776546716032789 -0.9926888027369066 0.01568021424539179 0.11967903660202411 84.90668860593404
0.10588158841481474 0.027106932856661665 0.9940092069120168 4.450151498068277 0.01234244501260961 0.9995155406229062 -0.028571806110264216 -1.0973123500125734 -0.9943021438606419 0.015293732193175686 0.10549572725820243 84.94190845175615
0.09304581268427864 0.024758510960918037 0.9953539535647189 4.914662133044332 0.014673136069309525 0.9995481233760345 -0.026234483668089104 -1.1136899466852048 -0.9955537031319885 0.0170459728510316 0.0926404824563663 84.96788393417114
0.08119871188232924 0.024005901038783597 0.9964087945737746 5.396602557205406 0.018402558556090468 0.9995033786744408 -0.025580106664333552 -1.1289241788852231 -0.9965280302265672 0.020413542898905325 0.08071661687084315 84.9988998067047
0.07108630408779934 0.024849467179525256 0.9971605895501617 5.89055751240516 0.02159580859243673 0.9994169653557602 -0.026445234170138682 -1.1431228525926889 -0.9972363603591563 0.02341438318573957 0.07050821397295261 85.02297452688742
0.06326775349268954 0.025308112863086197 0.9976756440804261 6.3980584710257205 0.02389267592465423 0.9993534745508065 -0.026865832210859492 -1.1606072268050234 -0.9977105449002474 0.025536881691628693 0.06262217074104132 85.04745106884906
0.05754530813853318 0.025725612924471838 0.9980113878863793 6.921106159104614 0.025254984489653794 0.9993105188517061 -0.027215302143336215 -1.1765298455365387 -0.9980234081772178 0.026770875069491683 0.05685593177800488 85.07895989489887
0.05175307284371457 0.02641111742154086 0.9983106091431537 7.463155489120379 0.026271362771777926 0.999268265133551 -0.02779837756217685 -1.197806740136819 -0.9983142966768268 0.027665631630629225 0.05102134726887995 85.10848003755451
0.04610146641145704 0.027304777766512616 0.99856352021583 8.030069849140688 0.026978666298744236 0.9992276984078463 -0.028568484371626842 -1.2143838364969983 -0.9985723841362 0.02825696101268943 0.04532921568782302 85.13013420220788
0.04205402683638082 0.02728460527211792 0.9987427141871852 8.613422850962863 0.029961186068835514 0.9991430420250038 -0.02855711649243984 -1.2310685468736056 -0.9986660033045053 0.031124458038001155 0.04120050916733029 85.14234134070354
0.039285918338685215 0.027305159669614006 0.9988548667727954 9.221886287099503 0.031464127848919034 0.9990970655671488 -0.02854929480411287 -1.2507106075667833 -0.9987325093732523 0.032549682494957995 0.038391312695511395 85.16436590297266
0.036436828989960986 0.027029977386111324 0.998970338806743 9.839929660860738 0.03167301736897451 0.9991007025621469 -0.028188758584968273 -1.2719510858797298 -0.9988339088476632 0.03266751386811946 0.03554794049977376 85.1852647908082
0.03420177771308338 0.02647810761748879 0.9990641361885922 10.49202095671879 0.03368880737998193 0.9990503440607219 -0.027631038515771627 -1.2924046261790985 -0.9988469866093507 0.03460230988160658 0.03327728192443248 85.20347568406527
0.033597336995448354 0.025974329842460793 0.9990978696484372 11.148869844069855 0.0388134510203451 0.9988741963673612 -0.02727372089286823 -1.319913268139304 -0.9986814982599339 0.03969476062009127 0.03255135961228545 85.22518461145033
0.03477131049095054 0.025516000321998685 0.9990695119431409 11.842434592389191 0.042293756622444556 0.9987408773480893 -0.026979586073970704 -1.3423777564494186 -0.998499972016777 0.04319251835132607 0.03364836163867814 85.24642618489919
0.03762642285049567 0.025365249409025212 0.9989698976575269 12.565193889232098 0.04465388826374436 0.9986365404147693 -0.02703868360963588 -1.3654630806386152 -0.9982936855286653 0.045625259131663265 0.03644246373070984 85.2671327256148
0.04169300419846602 0.02515121243469453 0.9988138514828313 13.297909889089182 0.047269222084060335 0.9985140458894722 -0.02711679931329226 -1.388853343662909 -0.9980116803146521 0.04834373459399872 0.04044217206123837 85.29468179798762
0.04575180897500494 0.02434600146641413 0.9986561190860985 14.01727754807336 0.047308188149175284 0.9985284886390486 -0.026510237838466365 -1.4242473660534467 -0.9978320035504763 0.04845750291552072 0.04453271945026122 85.32805399537229
0.04968632504867799 0.022676895220868864 0.998507399835522 14.77112714617758 0.048783366760271146 0.9984938499792632 -0.02510407698190873 -1.447583543327464 -0.9975727804178957 0.04995788202799395 0.048505234692632036 85.36767436438689
0.05382392086906542 0.02081197444085897 0.9983335350784074 15.537230408951581 0.04890558671456766 0.9985280235571407 -0.023452713258088592 -1.4724511931847724 -0.9973521089015582 0.050086404252409227 0.05272687150476541 85.40597794715109
0.05739501956585457 0.019092861510779418 0.9981689608319632 16.30134381380888 0.045261089663835706 0.9987393405609919 -0.021706298123578258 -1.4936348082734732 -0.9973250450537564 0.04642404824138013 0.05645850027590867 85.4614568711722
0.061442391772986896 0.018083663627551465 0.9979467989843026 17.110679086525426 0.044876937390304794 0.998774674586526 -0.02086168485617762 -1.5105106709863887 -0.9971012451018609 0.046066587830853066 0.06055556540848231 85.5176390753752
0.06555811313668919 0.018902860675586424 0.997669692663976 17.920451135285596 0.04258058729368417 0.998856840836609 -0.021723376800733746 -1.534265893451151 -0.9969398313778429 0.04390550503275646 0.06467827486982566 85.57673016925781
0.06855796445575187 0.023148627397257565 0.9973785372461665 18.726033208282256 0.03993816263371502 0.9988656867903882 -0.02592841912267757 -1.5628135216170083 -0.9968474049096613 0.04161106586452228 0.06755568460530718 85.64324113766902
0.06958464364972562 0.02804904538725971 0.9971816426413999 19.51815606817236 0.0340944979803508 0.9989537795054604 -0.030478051434032167 -1.5988714831192368 -0.996993251018084 0.036119211849257 0.06855552464812788 85.70930245717702
0.06926051148541215 0.031026518560805308 0.9971160096472081 20.32659527604419 0.031246207513282248 0.998958372734959 -0.03325423369664788 -1.6320477441669285 -0.997109149524171 0.033459298987139605 0.06821890681089329 85.78002157789618
0.06941787521635043 0.030670991966793463 0.9971160658881273 21.141263029651153 0.028991117609464056 0.9990430646672551 -0.032748588366587436 -1.662364731344581 -0.997166321984553 0.031180846557193893 0.06846226046352423 85.84580503655287
0.06906511142824963 0.028807852114283092 0.9971961281713647 21.93382890874539 0.02584643750082418 0.9991957706794787 -0.030655725806940762 -1.703821237181874 -0.9972772794222872 0.027891208521617795 0.0682649868914098 85.90404890159554
0.06878184223138124 0.028223004352911966 0.9972324303814777 22.772984806873776 0.028284253656170703 0.9991427697539673 -0.030227911662501408 -1.719366662985165 -0.9972306950622656 0.030285106466026005 0.06792461374178635 85.9760274713443
0.06901176293843078 0.027759838708865208 0.997229546258525 23.602631185802405 0.02644588042545963 0.99921057919159 -0.029645131811509004 -1.747771656675481 -0.9972652565815431 0.028418476145945122 0.0682231502416181 86.04745088833734
0.06861667461311784 0.028358256942104757 0.9972399717361108 24.422296753492414 0.02459132482994854 0.9992441231354762 -0.0301072935069495 -1.7803050374895573 -0.9973399714782037 0.026589314440421775 0.06786744174818343 86.11386203015806
0.06826702947738106 0.02888510650108927 0.9972488472336035 25.23147461469493 0.02127421060800051 0.9993113509823247 -0.030401180254710756 -1.8226058713014326 -0.9974402341240003 0.02329108027323101 0.06760550961545377 86.18307554780868
0.06685956394951949 0.030051841192603138 0.9973097239821792 26.02957858703557 0.018101392164496417 0.9993452745856284 -0.03132669412935186 -1.8608084551526771 -0.9975981847969588 0.020147183532737763 0.06627180913111609 86.24347284877717
0.06401982172481335 0.029928631015227723 0.9974997440961443 26.822305952834967 0.014812830694928385 0.9994115776713343 -0.03093668474948667 -1.8918200187614307 -0.9978386855965881 0.016756355869951688 0.06353882328807435 86.30299502705404
0.05954673592353411 0.028553672515775248 0.9978170543875818 27.608557525215897 0.011057514782937755 0.9995106131720243 -0.029262015024609254 -1.9346390980369559 -0.9981642738586057 0.012775834310821037 0.05920186187937444 86.35901718349402
0.054666645531684536 0.026156820688450322 0.9981620001772163 28.397123756407254 0.009197616083506308 0.9996012237624841 -0.02669826419293452 -1.9694400915463688 -0.9984622985995482 0.010640215411723112 0.05440426537780492 86.40729555730034
0.047912082966318076 0.024017926218177593 0.9985627529234218 29.19736187280326 0.006688104134616748 0.9996807395415405 -0.024365718802339374 -2.0047948186821225 -0.9988291653575763 0.007845904017295154 0.04773615214110039 86.45680116040803
0.04012605142696582 0.024354494352658435 0.9988977718474011 29.99323397865915 0.007046744326111998 0.9996711480930068 -0.024656420356623316 -2.031025554591071 -0.999169777060577 0.008028341997368961 0.03994123600353958 86.49992600555522
0.031210133783190073 0.025267597946687387 0.999193412730106 30.78378785100359 0.006629049607715353 0.999653192341412 -0.025486285388663932 -2.0649998155711593 -0.9994908620145228 0.007419133077309564 0.03103180970951261 86.52366173515824
