1.0 0.0 0.0 0.0 0.0 1.0 0.0 0.0 0.0 0.0 1.0 0.0
0.9990574568314761 -0.0005404390957244653 0.04340398455219373 0.042416819786331515 0.0006589279332558248 0.9999960955313539 -0.002715646520770009 -0.01742118753175056 -0.043402347441146946 0.0027416870045297703 0.9990539121533768 1.0190994993887252
0.9960333064836974 -0.0047195987157696295 0.08885593825465536 0.12804436418908266 0.005404725987985918 0.9999574817481116 -0.007471521462826626 -0.039241204249349584 -0.08881689767239008 0.007922126225754897 0.9960164650265153 2.0376592775553046
0.990872077601723 -0.004219102562677065 0.13473947084210386 0.2539058753255884 0.0058211485409589 0.9999169493643677 -0.011498200012200727 -0.0598293517310768 -0.134679768558268 0.012177583808871554 0.9908143450685751 3.0518709878806716
0.9835161972434193 -0.0019532709240256754 0.18080949779406008 0.42912777827505943 0.00454830883506959 0.9998925050515616 -0.01393883884882148 -0.08638282824826655 -0.18076283535777946 0.014531451214862934 0.9834193582999098 4.039089803858478
0.9739427379536792 -0.0045552575225170705 0.22674830278569663 0.6532492312025506 0.00796492780480753 0.9998685194104234 -0.014124582014058168 -0.11233198550272003 -0.22665414867668893 0.015562567940773755 0.9738509656855788 5.028533639541947
0.9623094139778952 -0.0049882096022694665 0.27191121627193454 0.9219066731218597 0.009531965155866436 0.9998360977066066 -0.015392185130527442 -0.14438764988495573 -0.27178986995432014 0.01740389289179068 0.9621992366981097 5.994733343103204
0.9488245825322401 -0.007658182140090405 0.3157107280863737 1.2324580873974964 0.014082844671049647 0.9997374777464403 -0.018073435621287423 -0.17764763155249028 -0.3154894373326784 0.021594625152915933 0.948683343954143 6.932519711160143
0.933817147779053 -0.009483603387293068 0.3576249373024569 1.5900123804018698 0.017576597088414192 0.9996575615118818 -0.0193861534840775 -0.2169195231322117 -0.35731862216876603 0.0243889519846435 0.9336640623224742 7.845131813084693
0.916570560987391 -0.00973755209178255 0.39975440811893403 1.9895688984241047 0.01936640138692706 0.9996113026417102 -0.020054578735578244 -0.24627390351693823 -0.3994037421314178 0.026123240805859885 0.9164028737739852 8.770758729749321
0.8970613137938758 -0.010193556004155975 0.441788513556426 2.4294945827896295 0.02066653380927085 0.9996077743718319 -0.01889951839862693 -0.27450541628752523 -0.44142257947993196 0.026084264056705317 0.896920128826365 9.671766266432975
0.8750911317434894 -0.009445326340302736 0.4838659906980703 2.9116068932270243 0.02070310249417253 0.9996248927613217 -0.017929175079427827 -0.3110479549042422 -0.4835151421527728 0.025707189310350133 0.8749584262847839 10.563546310235642
0.8510280611740674 -0.00981222244087312 0.5250285319723874 3.437924885996949 0.021885099805927385 0.9996194610413435 -0.01679212654473427 -0.34268309595519253 -0.5246639700806551 0.02578087271952999 0.8509189533093179 11.441188135346483
0.8252791085979697 -0.009943257891883375 0.5646375160527668 4.001150228055428 0.023617392232815143 0.9995779306805478 -0.016916834234269696 -0.3737565929129188 -0.5642309914351261 0.027296375563137996 0.8251656174279508 12.27961524497686
0.7979883841797967 -0.01188627460444998 0.6025556034011693 4.604954313606399 0.027239846229781914 0.9994950703065317 -0.01635833763907348 -0.41090005884622066 -0.6020569154917982 0.029467285402012506 0.797909236442052 13.071146352389604
0.7693344396962568 -0.010904026807571469 0.6387531777585365 5.246176087123544 0.028224731177886108 0.999458168753312 -0.01693320590457013 -0.44234831200608093 -0.6382224411967862 0.03105593520810843 0.769225353483077 13.837003506120977
0.7389875628383852 -0.01413273545774202 0.6735708186662093 5.933752050193712 0.03331008971503212 0.9993236606289077 -0.015577523243785455 -0.47064739156870694 -0.6728951031872372 0.03394830033618176 0.7389585191409068 14.584849112187465
0.7067264849655976 -0.012719420046567136 0.7073725268921971 6.641682684704823 0.03325050105906423 0.9993306823590108 -0.015250949976622716 -0.4997668490953857 -0.706705086742337 0.03429874122394598 0.7066763875515856 15.30438731601514
0.6726636001288188 -0.011373438394800832 0.7398610180032589 7.373869139534831 0.03461384510776761 0.9992709271917463 -0.01610887321314328 -0.5321105818771964 -0.7391383921760485 0.03644528732801171 0.6725668578238038 15.965713906579346
0.6371459111280766 -0.012208096600196524 0.7706465144994658 8.143697475837401 0.03925222451378191 0.9990910144432203 -0.016625514414021825 -0.5558053819084412 -0.7697430420624108 0.0408424685371916 0.6370459496459371 16.60733287005304
0.6006742269276958 -0.010013523050309468 0.799431174311421 8.918460665864428 0.038947535268096474 0.9991008636974013 -0.016749735987239122 -0.5901709096605354 -0.798544652853775 0.04119700857128725 0.6005241409663897 17.180101089364385
0.5629923981733608 -0.008561583413990161 0.8264177266300953 9.730251148430584 0.04190498296288666 0.9989558488142408 -0.018198475834369957 -0.6169959098382529 -0.8253990138120403 0.04487662430775305 0.5627633220003336 17.740204456545253
0.523996883293808 -0.006705776731935293 0.8516937823283662 10.556953437532883 0.04670353729364095 0.9986907380557551 -0.020870776840022937 -0.6382035701368277 -0.8504387373013045 0.050713334341827315 0.5236240176092919 18.258526726247954
0.48562516503145525 -0.00578396323784133 0.8741480108410914 11.385038265103757 0.04808036638282876 0.9986411521480478 -0.02010292528230529 -0.6870710231391898 -0.8728439021134679 0.051791843041894985 0.4852433693907191 18.692575972328054
0.44721376798680884 -0.007410449663217528 0.8943964059402472 12.280450751941231 0.05373070504760179 0.9983823237733304 -0.018594270946867466 -0.7054199354658826 -0.8928117702282653 0.05637216345632652 0.4468884895912222 19.15277776607827
0.4099453092676464 -0.008002311712661081 0.9120750004340152 13.177100304420144 0.05768491258657641 0.9981871867465173 -0.01716948091659072 -0.7371515677382687 -0.9102841832468216 0.05965151483675422 0.4096637676294388 19.5568995652574
0.37458096942698554 -0.0052369869479244905 0.9271794170012883 14.105439761809734 0.05957658249299344 0.9980535579503811 -0.01843166517255929 -0.7485864957624919 -0.9252781896065609 0.06214233203127335 0.3741638710620241 19.939865253375846
0.3408893160232803 -0.005705215778617873 0.9400861262321135 15.04893815806753 0.060310847324850474 0.9980543889538567 -0.01581260209120883 -0.7619331649633047 -0.9381668699736407 0.06208773794281517 0.3405701644022931 20.29125359004218
0.3074121463965791 -0.007157657580579689 0.9515495468896031 16.023526291432784 0.06316566938005765 0.9979196783728086 -0.01290014449810828 -0.7790714213630903 -0.9494776829708093 0.06407092518656143 0.3072247484922398 20.607610834435075
0.27474597393391936 -0.006953400589875048 0.9614917056466689 16.991059809807965 0.0641578058757676 0.9978778475521355 -0.011116533178848425 -0.8029177119802767 -0.9593739759615685 0.06474142093703068 0.27460903601801656 20.879978282602114
0.24226476569978528 -0.003981311381626381 0.9702020060070543 17.9703584984111 0.06184423703479324 0.9980213060980553 -0.011347375022807586 -0.8204157622472891 -0.9682370957807859 0.0627504719823398 0.24203161905003395 21.140923294463278
0.21166236109849876 -0.0021761959296661294 0.9773404263947573 18.948718606810463 0.06207922605245198 0.9980081314480702 -0.011222266092539906 -0.8334276877637871 -0.9753692708851022 0.0630478685983823 0.21137585405685183 21.356107458001166
0.18076343740512058 -0.0020553896519872575 0.9835244557563706 19.951125836642838 0.06406100615092135 0.9978989536243884 -0.00968843879447261 -0.8570145982014918 -0.9814381117464386 0.06475688170936816 0.1805153153692561 21.54511479892662
0.15005836197288183 -0.0020084544252936534 0.988675100380726 20.970430368684116 0.06550806459247328 0.997820643586152 -0.007915598944978581 -0.8742619128671492 -0.9865045268397719 0.06595399414842813 0.149862901281488 21.702029164576082
0.119121737395698 -0.002737986909663737 0.9928758810181233 22.005811270464612 0.06417682439297438 0.9979262771073085 -0.004947794414809512 -0.8897757332234061 -0.9908033845777184 0.06430901092708939 0.11905042722693518 21.84885654392469
0.09031160781656214 -0.0029133061648328636 0.99590929614136 23.037010464991283 0.06472870157468777 0.9978985363852891 -0.0029506393449133554 -0.8999694638691833 -0.9938078328761756 0.06473039260871838 0.09031039578408875 21.922406994310204
0.06331830719690609 -0.0025322760275842287 0.9979901700677416 24.085138332383817 0.06750119908548492 0.9977176563662444 -0.00175108453845994 -0.9100060235533726 -0.9957079793271405 0.06747640886383464 0.06334472472985236 21.981665109317827
0.037888380469720484 -0.0020709514443518415 0.9992798315714666 25.160420754357087 0.0717521377326817 0.9974222795588266 -0.0006534297629362374 -0.929588764724784 -0.9967026143018634 0.07172522150387665 0.03793931001017348 22.031319092426305
0.015050758236457898 -0.0015993400001912475 0.9998854518333955 26.254161636950474 0.07629745414773831 0.9970850010016671 0.00044639452293188797 -0.9347855696955178 -0.9969715006794717 0.0762819958382076 0.015128910861605572 22.046488099068306
-0.005483633278801658 -0.0011869581665245005 0.9999842603243194 27.38433305569239 0.08215287483571991 0.9966184008656821 0.0016334662984441135 -0.9344766191281445 -0.9966046532714398 0.08216053910626894 -0.0053675778035635995 22.042348563957542
-0.022984141565348375 -0.002066239107677418 0.9997336944869147 28.50843679110866 0.08605384419277777 0.9962823065986934 0.004037506411566888 -0.9466899680065063 -0.9960253335815039 0.08612372619858269 -0.022720885755679297 22.027564612090842
-0.037445807540753974 -0.001993603507225372 0.9992966711856285 29.64804520125603 0.0892581094876698 0.9959942583989239 0.005331709581025281 -0.9466728129905169 -0.9953043762529658 0.08939498185818599 -0.037117864031579385 21.960402680153198
-0.05228916956929213 -0.002597612196484947 0.9986286072192364 30.831932663595396 0.09158212449017437 0.9957701385210341 0.007385506323755 -0.9524010026552576 -0.9944237312230723 0.0918427114183204 -0.05183009878160845 21.90704151291941
-0.064490118878253 -0.003224009985230685 0.9979131376661426 32.01094119587688 0.09171998607088515 0.9957428503831193 0.009144400803182006 -0.9371421986118204 -0.9936943537739472 0.09211830258156027 -0.0639198686424404 21.80502580292893
-0.07638304270271752 -0.0028047582761255825 0.9970746030856916 33.21337112356141 0.09102448601822775 0.9958006858717104 0.00977430112795247 -0.9242735789348421 -0.992914988169979 0.09150479412814988 -0.0758069846318449 21.69972140014317
-0.08720700101181611 0.0004909164730348064 0.9961900912855657 34.40172871699585 0.09074322345710979 0.9958464343226077 0.007452962065740083 -0.9087926824903053 -0.9920486915323937 0.09104745052969307 -0.08688932834879688 21.587343843341824
-0.09748291653049145 0.0037381113023605777 0.9952301781540804 35.58336928686688 0.09091722415045282 0.9958450591467588 0.005164932309006114 -0.9127519820961786 -0.9910757485366505 0.09098705785369446 -0.0974177394812823 21.476922518438368
-0.10636641839455237 0.00622899758925104 0.9943074899783015 36.79981731807371 0.09261432260351801 0.9956952948104661 0.003669760343905551 -0.9182251212515049 -0.9900044304378658 0.09247745390809274 -0.1064854367135251 21.33193110066918
-0.1140199116093431 0.007343445307607008 0.9934513242064824 37.96508772561302 0.09312756094973086 0.995648621313465 0.003328703672838177 -0.9332353879519242 -0.9891039971348555 0.09289723724418125 -0.11420764494659125 21.22177334560698
-0.11982873773392322 0.00820146448040071 0.9927607010722539 39.17019190597808 0.09346788284809528 0.9956176028916462 0.003056744702821244 -0.9346536297478353 -0.9883849596634835 0.09315752676332871 -0.12007017414141775 21.083731524682698
-0.12494432283277723 0.009879822972622628 0.9921145625833188 40.400175478312605 0.09453962208893653 0.9955191059987121 0.001992347057673411 -0.9364377178164573 -0.98764931835502 0.09404306826952684 -0.12531849529623865 20.93280978484326
-0.12878534928892424 0.011261268435443863 0.991608550609441 41.64331026315536 0.09360904488018014 0.9956086695393801 0.0008507964727006559 -0.9404047375020083 -0.9872444887286765 0.0929330994384807 -0.1292739668440919 20.76721565889747
-0.1323460801898899 0.012177062827854608 0.9911287677185339 42.91204665338125 0.09414861164343466 0.9955580963254794 0.00034024460753995597 -0.9435463724191391 -0.9867221260233199 0.09335842748068267 -0.13290466520912392 20.588672975310985
-0.1346900792711753 0.011239824055685556 0.9908240251937392 44.18929714990149 0.09389242674436163 0.9955812634656549 0.0014697061533051556 -0.9464285276441223 -0.986429315635933 0.09322882704035136 -0.13515025365385436 20.41595427709093
-0.1371689521121417 0.009402449966436943 0.9905030401321782 45.484770453876806 0.09423569809832202 0.9955434065200591 0.0035998525456377726 -0.9464484803967564 -0.9860549233082175 0.0938345334568103 -0.1374436922909306 20.241298001321418
-0.1390361765588232 0.008342829718207392 0.9902521591999679 46.87193591314163 0.09443565437540045 0.9955190458360907 0.0048720180912718986 -0.9407608310433089 -0.985774238246562 0.09419249741823942 -0.1392010224083198 20.0251178038284
-0.14117100479465436 0.00946411314892033 0.9899399870535457 48.25045945234221 0.09646971968947143 0.995326882370909 0.004241510678236436 -0.9244891780140523 -0.9852737389113233 0.09609801138474972 -0.1414242964260182 19.830570221847477
-0.1417034723105793 0.009008366570480415 0.9898681605480898 49.60622470453561 0.09652999922469989 0.9953186902819888 0.004760674849019917 -0.9303361158271406 -0.9851913952044038 0.09622657692691199 -0.14190969208664062 19.637622014862266
-0.14195708340338659 0.010559150681034156 0.9898164935019529 51.072198840197245 0.098182295591722 0.9951624145783741 0.00346488713709056 -0.9211422320141175 -0.9849915853975293 0.09767432081887432 -0.1423070755395812 19.41232950044477
-0.14270922700926256 0.010746136279800743 0.9897063186023806 52.556973162765566 0.09788139556875695 0.995192588650007 0.003308156224108829 -0.9204960025624818 -0.9849128433155523 0.09734594008558678 -0.143075011867629 19.216026479042668
-0.1415628732471343 0.012157412133148134 0.9898546106617087 54.04228489216868 0.09807314857333313 0.9951775754251954 0.0018030251625838285 -0.9247418520741666 -0.9850591913417801 0.09733339971997693 -0.1420725126547094 18.997054408006363
-0.1398243779041982 0.011892164707350373 0.9901049034129057 55.57670863407571 0.09853567108734382 0.9951315836469934 0.001962842731355876 -0.9301556040225414 -0.9852613180608807 0.09783510436849603 -0.140315457046381 18.75610639079533
-0.13904157949417226 0.010693984318711066 0.9902288007683675 57.168569679055096 0.09592948645141502 0.9953844154204734 0.002720141026582146 -0.9147913464148026 -0.9856292268398531 0.09537035303189222 -0.13942568974775998 18.533775053412835
-0.13784712083302691 0.011823336319825071 0.9903829461356427 58.83624098406091 0.09598919087987182 0.9953812801029936 0.001477313354874374 -0.8909256114779668 -0.9857911779440228 0.09526970105332064 -0.13834535608013152 18.275625803340013
-0.13669044125867955 0.012428434226277084 0.9905358435166256 60.3847760412302 0.096769283905821 0.9953064636361597 0.0008655266790129312 -0.9113532605912131 -0.9858759703739884 0.09597175348382678 -0.13725157038219046 18.086494677975367
-0.13557691203001773 0.013166892123542365 0.9906793294887171 62.075391541852795 0.09708593879315482 0.9952760004493696 5.846498490399404e-05 -0.9020935184662162 -0.9859985909792407 0.09618895924849956 -0.13621476684131478 17.84715679078924
-0.1351031161506835 0.012751652578827311 0.9907494856737933 63.77014419380125 0.0960215492902484 0.9953792152516822 0.00028269566999862105 -0.9079174766588731 -0.9861678407240154 0.09517149363885255 -0.13570326716875455 17.6227348477124
-0.13472608975510963 0.01098211211991722 0.9908220193115845 65.46797058510647 0.09755392106378263 0.9952277339198241 0.002233858072694753 -0.9100547818717553 -0.9860690205175148 0.09695953202338065 -0.13515448910571704 17.401160206852214
-0.13457025838431375 0.00890082428492358 0.9908640779064656 67.18891395302349 0.09898736949113442 0.9950784926911007 0.004504893431484598 -0.9163844652789587 -0.9859474358400636 0.09868925326828663 -0.13478903905638268 17.181758519497958
-0.13375348579490628 0.010170955775957016 0.9909624395991594 68.89476452949542 0.10060352732844574 0.9949208974605478 0.003367207354645307 -0.9199289671467212 -0.9858949920385933 0.10014469259475395 -0.13409737215290812 16.95051713246873
-0.13330321500282613 0.012130313450537762 0.9910010637559902 70.66377194080066 0.10186035301979345 0.9947975388897035 0.001524828405913095 -0.9108994641761063 -0.9858269226150125 0.10114698272601093 -0.13384530822120935 16.702186497629064
-0.132363909313272 0.011899909044263678 0.9911297531988678 72.34943273992425 0.10150762620357172 0.9948334553443289 0.0016118158005755776 -0.9192645293625546 -0.9859898566079757 0.10082057474740458 -0.13288797678412778 16.474700126436204
-0.13169385254233892 0.011764814876751675 0.9912206204137777 74.08623133726407 0.10191202826045422 0.9947919057257604 0.001732858432213429 -0.9292117343244848 -0.986037863217427 0.101245510682801 -0.13220695468915955 16.21985812383523
-0.13137403751215274 0.010926887726677532 0.9912726493716881 75.78613358815518 0.10327731162220628 0.9946488729682472 0.0027233081135955156 -0.9545058974239687 -0.9859384662197926 0.10273374629400182 -0.13179953793756027 15.999133996177031
-0.131045191785292 0.011334769997492148 0.9913115961689654 77.57525591570383 0.10348601466781988 0.994628232135623 0.0023075109822282428 -0.9329764415426781 -0.9859603452868272 0.10288927460073362 -0.13151423760949593 15.74096934912971
-0.13099996843965894 0.010784225911638199 0.9913237154130315 79.35588805700243 0.10473521750395481 0.994495552414105 0.0030216622840877005 -0.9531488223595692 -0.985834439692183 0.10422234261446173 -0.13140837422609658 15.510858553137435
-0.13013244936312926 0.011879386401497391 0.9914254514594018 81.20785986754304 0.10424663261751152 0.9945499080060813 0.001766372837230436 -0.9430341536806268 -0.9860011081183704 0.10358262722973574 -0.13066160157262505 15.21979669794483
-0.13122781996262556 0.01326936165601305 0.9912634278077147 83.04488986643688 0.10263198676849596 0.9947193582689364 0.0002712507729144942 -0.9152472160010527 -0.986025321459748 0.10177093065444784 -0.13189671381016121 15.000449000397156
-0.13283927322709144 0.014005560899590394 0.9910386328253746 84.92820456223801 0.10104478524041959 0.9948817444015435 -0.0005157831465406393 -0.9126961919401483 -0.9859734676268967 0.10007076956046942 -0.1335745567664732 14.751020798528613
-0.13366990760553113 0.01490570472894269 0.9909138084451461 86.73689606541916 0.10117224559252042 0.9948680520183445 -0.00131749572558319 -0.9289854733703112 -0.9858481285281654 0.10007686565712237 -0.13449196421255352 14.516125026560399
-0.13477981668419248 0.013847845266962576 0.9907788038689763 88.61583891640112 0.1007289793128118 0.9949138814471709 -0.00020305250463745263 -0.9585239663661144 -0.9857423972525302 0.0997727702591379 -0.1354891898774315 14.262909250665865
-0.13535457850894642 0.013472170908164148 0.9907056266559146 90.46119649653883 0.10090662510131886 0.9948958673555292 0.00025715665850111543 -0.9683751872416361 -0.9856454692673821 0.1000035685858575 -0.13602314208533178 14.006802552165823
-0.1357291743779501 0.012480092942814663 0.9906673702625018 92.34786494523564 0.09873000847789241 0.9951137643441832 0.000990675880525279 -0.9780578836085274 -0.985814372307802 0.09794306148412778 -0.13629812932861946 13.738578820577718
-0.13781052232505797 0.013166515302020043 0.9903710934853149 94.188393558746 0.09827518054418781 0.9951591787194403 0.0004448589127110845 -0.988850514884461 -0.9855710267786344 0.09739020425713532 -0.1384373478843461 13.49549026810514
-0.14073439524010303 0.013907906734224523 0.9899496957556361 96.03887499243858 0.09712134864957027 0.9952725319219082 -0.00017560819782111466 -1.0024749363417418 -0.9852721825124668 0.09612053543349945 -0.14141983253803672 13.24105295313652
-0.14556570614836847 0.014346833723532458 0.9892445570007642 97.91412452479477 0.0973788105312436 0.9952473844652006 -0.00010476016178309246 -1.0242449170618035 -0.9845445609280655 0.09631620879831541 -0.14627096591488137 12.987307221975447
-0.15005834366044593 0.01356329218396227 0.9885841039603147 99.82220015481803 0.09531400842187467 0.9954469263047011 0.0008103758831614379 -1.0296214986023573 -0.984072016316097 0.09434751727337454 -0.15066788870861653 12.699302120427534
-0.15464388690215422 0.012787959271613426 0.9878875119878091 101.74347401366418 0.0942431484023708 0.995547461513065 0.0018657047180837413 -1.04285904407317 -0.9834650462639699 0.09339014922653219 -0.1551605065873519 12.400980875938199
-0.1591418732750278 0.01372707839680462 0.9871602866248242 103.63533105478744 0.09372640903714734 0.9955971871213939 0.0012654030831509811 -1.0630963339814496 -0.9827966343142956 0.09272436742652651 -0.15972779115055144 12.112803310579316
-0.1632834150884027 0.015751823906728288 0.986453448673926 105.58624138702004 0.09433006640077912 0.9955409376567397 -0.0002828822331641352 -1.0701658711065434 -0.9820592471586851 0.09300602933759067 -0.16404119475595866 11.765075318155438
-0.16773669775805466 0.01739845423178132 0.9856782913382894 107.50249785753911 0.09380306408226749 0.9955894692294102 -0.0016105676864704187 -1.0906466026318797 -0.9813589482926169 0.09218949262166178 -0.1686289182084724 11.449321686737358
-0.1725903941981247 0.01771012860175463 0.9848344567364851 109.42296422683185 0.09265889419877761 0.9956965149571615 -0.001667161664836464 -1.1069080464353886 -0.9806257620297285 0.09096593564113092 -0.17348865495051272 11.130058114181764
-0.17714334438534224 0.01753288624170114 0.984028878356735 111.39067933592193 0.09102504918329857 0.9958476782184047 -0.0013572797002932143 -1.1204762377177027 -0.9799666708419956 0.08933084398483232 -0.17800372005046275 10.765384407288455
-0.18225766949261435 0.01678745627244068 0.9831074830470085 113.34512074688602 0.0893261250969491 0.9960023308649052 -0.0004475341702256901 -1.138381955589572 -0.9791848575658606 0.0877356154795208 -0.18302862205170145 10.410627650560368
-0.1900232232538911 0.015992137021273133 0.9816493397225389 115.35546369689862 0.08860589081241323 0.9960663334513604 0.0009249205881220351 -1.1600309819684387 -0.9777730670955967 0.08715567060294332 -0.19069273280387716 10.082336845526045
-0.19632463371641257 0.01604471753056002 0.9804076729786864 117.35605109949584 0.08853098713952497 0.9960724008719299 0.0014270729914750689 -1.1714625530162672 -0.976534127674096 0.08707662867030741 -0.1969740039375651 9.702082910979506
-0.20181267626512106 0.01752508731476212 0.9792673358247591 119.32157086598134 0.0887167403756807 0.996056790808605 0.0004576692788123888 -1.1777428788685884 -0.9753978591712276 0.08696976945275328 -0.2025716552864976 9.311336702833842
-0.20745004557386684 0.01858694173220491 0.9780690181109135 121.29727068279016 0.08858014267807461 0.9960690430074755 -0.00014101523059513468 -1.1913602132104355 -0.9742268919068716 0.0866082395572578 -0.20828100231720678 8.907335399127055
-0.212664393562491 0.018631777934885903 0.9769476508808878 123.22337810129608 0.08901295320402504 0.996030395679111 0.0003808480048190003 -1.202263004170508 -0.9730624593892145 0.0870419883406292 -0.21347866964433218 8.482424701650402
-0.21800442027066735 0.018336061680324908 0.9757755180288689 125.23717819361826 0.08794250423887877 0.9961251187703409 0.0009293562073429979 -1.219521070935613 -0.9719774630569556 0.086014746391657 -0.21877219821662447 8.04372922334507
-0.22337343451329608 0.019594948332131212 0.9745359648333135 127.31865373414317 0.08789077634428985 0.9961301109322986 0.00011630819421290545 -1.2317908403106699 -0.9707623397038653 0.0856787026854367 -0.22423121932239573 7.586062639003242
-0.22848524274480592 0.020109505964918242 0.9733396640524293 129.4438002707907 0.087316002903682 0.9961806605683934 -8.453659079294474e-05 -1.251257684318257 -0.9696238494822421 0.08496881356920426 -0.22936846172887515 7.105312101364936
-0.2321839461507712 0.019046135505765234 0.9724854034236986 131.52964386644155 0.08844249227315375 0.9960799872008194 0.0016076873206300358 -1.2734998892995966 -0.9686426279646996 0.08638231196433745 -0.23295826980239817 6.5842754134693315
-0.2356267700934091 0.01906896391733372 0.9716565235876665 133.59205888288886 0.09137143807028676 0.9958134486602227 0.0026145310083587276 -1.2907542329084563 -0.967538777269576 0.08939770736739087 -0.23638266517902454 6.0743381815792885
-0.24052692811068083 0.01978183717237675 0.9704408667052966 135.77500428198243 0.09229632046894054 0.9957282459838949 0.0025786387343920874 -1.3040577404987896 -0.9662443718239837 0.09018835328308061 -0.24132524702266892 5.562932592109526
-0.24313818537500745 0.020243544221776946 0.9697803987140033 137.9004383449579 0.09287182268925694 0.9956749335413181 0.0025002535591480512 -1.3197371032399066 -0.965535420045745 0.0906731803502341 -0.24396665141418444 5.007441291536823
-0.24646046477797132 0.020101955296004663 0.9689443486055872 140.02386734327172 0.09186403409839941 0.99576787736124 0.0027080721283258926 -1.3310984377836934 -0.9647892197472896 0.08967856939515623 -0.24726406057218203 4.47707300949152
-0.2509415154915648 0.020510884564498268 0.9677849241526655 142.22022193898218 0.09008029053806133 0.9959319651034005 0.0022499204098661457 -1.3385935022518023 -0.9638017934510005 0.08774294558341743 -0.25176830309030235 3.9335994637277114
-0.25557930148173913 0.021145808531699613 0.9665568143858118 144.4295796989646 0.0887340619598198 0.9960539494314917 0.001672145338330075 -1.354157786246888 -0.9627073734537437 0.08619387799294458 -0.25644712611827053 3.3895754154060898
-0.2602975189117 0.021013835497523482 0.9652997567419654 146.62322814845518 0.08775706153707692 0.9961399410396645 0.0019788925856662636 -1.3629615208949997 -0.9615320586432778 0.08522697098437354 -0.26113686759635796 2.815206677753818
-0.26375501951125746 0.021315846254350512 0.9643541488380077 148.67278234199617 0.08814592642639581 0.9961053784353403 0.002090623498640676 -1.3857661804323822 -0.9605537909648986 0.08555530229414096 -0.264606698540134 2.2142117190610717
-0.2666481513419835 0.02121699267387579 0.9635603782886576 150.65138511028107 0.08790842499847128 0.9961256859593368 0.0023930286922591603 -1.421371358656916 -0.9597764699137921 0.08534317192318797 -0.2674802250744869 1.5949778503917869
-0.26966417006247884 0.021511973643553194 0.9627141166382027 152.6925218043149 0.08810015306558208 0.9961086835940928 0.0024194003920401724 -1.4310628889672243 -0.9589158453244607 0.08546768663299346 -0.27051002962416915 1.0172594826809238
-0.27421811579880195 0.020823529782957564 0.9614420448342864 154.76661661578473 0.0875616024393161 0.9961533091590842 0.003398592305301609 -1.4402162752652339 -0.9576729038382591 0.08511736167655395 -0.2749866251205838 0.45505337804944856
-0.2795397574062871 0.02042722621960543 0.9599167945495111 156.9191941706967 0.08716609003196701 0.9961850028600495 0.00418483276300571 -1.4497064302317313 -0.956169230198171 0.08484202087225916 -0.28025387547104086 -0.12802180495562987
-0.284070056283067 0.020923857907504947 0.9585751902138938 159.04905135933402 0.08812109654960085 0.9961001773364813 0.004371390295848115 -1.4651575645897463 -0.9547454506130002 0.08571247797427012 -0.28480606674240433 -0.7360494427053605
-0.28761398180856046 0.021757275644535095 0.9574992524408328 161.12476547895167 0.0879192974726973 0.9961204501956598 0.003774365363372794 -1.472421854386588 -0.9537024664957733 0.08526822185619191 -0.2884110534312967 -1.364506340384902
-0.2907354482452407 0.023342309513381555 0.9565187064141619 163.16616700507268 0.08838872140941816 0.9960827727135078 0.002558091274908258 -1.495093615021899 -0.9527120934790515 0.0852891932776025 -0.29165976830685447 -2.0002201587400728
-0.29448487381464933 0.024545577772191685 0.9553408678090772 165.2422139797564 0.08977211316016019 0.9959601539280724 0.0020831433751623885 -1.5223444294045358 -0.9514303057991788 0.086376422705456 -0.29549870863927374 -2.5799331546331477
-0.2958676711136444 0.025360603450021835 0.9548922247994485 167.24550248817792 0.09001828152340402 0.9959390708579104 0.0014408782895466538 -1.5381690294708086 -0.9509779335932842 0.08638406642039272 -0.2969490914067842 -3.259973106676977
-0.29939832364651653 0.02570006561649744 0.9537820245868365 169.39234198086336 0.09038857358214444 0.9959053865265662 0.0015384580416816407 -1.5474506251104714 -0.9498371173856242 0.08667160846937398 -0.30049539550863263 -3.9277468001179034
-0.3031633376397744 0.025879372136073588 0.9525871344968688 171.51397491696505 0.08977969066967986 0.9959604973131467 0.0015149042860548186 -1.5504092559169231 -0.9486999514358372 0.08598224171061086 -0.30426215054792516 -4.60409372662648
-0.3076134402561726 0.026304659114687195 0.9511477468209778 173.72298317083192 0.09091163688663476 0.9958572244372637 0.0018608639637867925 -1.5526534476155778 -0.9471584057866697 0.08704282535027903 -0.3087304664309712 -5.297056570390918
-0.3111835077905113 0.02628278153706919 0.9499863366774643 175.88640790107453 0.09319718184261842 0.9956432047312893 0.002982309338326408 -1.5822101629882648 -0.9457690573156742 0.08946409484855068 -0.31227722612630887 -5.952105247025583
-0.31354743584015254 0.025370333120483486 0.9492335601291298 178.12750216942587 0.09341629320400262 0.995618079492079 0.004246875618017422 -1.594344701530205 -0.9449663494760446 0.09000547753246473 -0.3145434983783049 -6.719817391659761
-0.31662937830642335 0.024766730074624908 0.948225946636507 180.3872681511241 0.09255302964215686 0.9956957072503294 0.004898496433804026 -1.5943187798762373 -0.9440231848304037 0.08931219202698215 -0.31755874867178246 -7.478541671600254
-0.319698087628451 0.024888309310087727 0.9471925384135995 182.76344009832917 0.0907446135767593 0.9958642045274146 0.004461081457657877 -1.5870157644154035 -0.9431641150263876 0.08737882009189923 -0.3206343617359659 -8.279715270322324
-0.32298868804301367 0.02681758078132877 0.9460227929375122 185.13593671647408 0.08947202065088965 0.9959866494349428 0.0023133672408094186 -1.586864606500595 -0.9421640329140635 0.08538976231598777 -0.32409184435082317 -9.075823730851793
-0.32610780683749657 0.028672452740873235 0.9448976604762348 187.4564042563028 0.08844292457571935 0.9960812015724412 0.00029827249797702494 -1.582216425943411 -0.9411862448060557 0.08366678150742825 -0.32736573165200916 -9.858895714106218
-0.32986073970043384 0.0294785139592669 0.9435692394408782 189.81327731786124 0.08715801849682848 0.9961942848511925 -0.0006531780119347879 -1.596606408114958 -0.9399975384095334 0.08202416744205347 -0.33117467255127986 -10.643536185755607
-0.333594979572389 0.03026447041227731 0.9422305723307661 192.17380816741337 0.08524295462150748 0.996358527605385 -0.001822952389279225 -1.6142524431020733 -0.9388546364009099 0.0797103901551257 -0.33496003554129167 -11.473019283999294
-0.3378879925012245 0.030465664854063323 0.940693120942475 194.4764083066747 0.08630890900327656 0.9962676217058073 -0.0012641864209288582 -1.6481657312708824 -0.9372206126361862 0.0807630435635177 -0.3392563249877584 -12.26013243779457
-0.3400225247091588 0.029853646592613477 0.9399433187567932 196.72707835105115 0.0864242595093496 0.9962583520960117 -0.00037848010281785107 -1.6693091036499839 -0.9364376808195313 0.08110521354420444 -0.3413303594426924 -13.131429561611492
-0.3419274174759373 0.02925071074846232 0.9392710136584368 198.9287687285859 0.08664782435679061 0.9962388700396063 0.0005180313043267452 -1.692099880879513 -0.9357231405241955 0.08156291892096147 -0.3431758944690324 -13.959533035846777
-0.345605280721092 0.029161203713855402 0.937926763737796 201.15328985524465 0.08636850003260978 0.9962628969297119 0.0008499431300253928 -1.703381371066421 -0.9343968493845668 0.08130107255852329 -0.3468323275893123 -14.764642722714726
-0.3497917715021297 0.029183329916989076 0.936372815626532 203.57076668485516 0.08446344219955047 0.9964264547435275 0.0004972112598549445 -1.6974940503615878 -0.9330121347127258 0.07926319159729794 -0.35100669927595907 -15.68752234309359
-0.352975057017068 0.029632155542658353 0.9351633784968776 205.81542871195575 0.08385739441022189 0.9964777626773184 7.676146911458693e-05 -1.731954905493695 -0.9318672365345392 0.0784474591525463 -0.35421667045183247 -16.530368182856005
-0.35655396474332784 0.03047616359866758 0.9337775290068411 208.02393260623597 0.08403743818372174 0.9964625037392513 -0.0004331572564697963 -1.7541939508401418 -0.9304874954610209 0.0783178274341094 -0.3578537951407934 -17.309341865583967
-0.3601690662764788 0.03109680393715313 0.9323686140590665 210.29011837035932 0.08479412208431879 0.9963983789072882 -0.0004768342140987153 -1.7763076469789252 -0.9290254036125549 0.07888763715445074 -0.3615086999599144 -18.155382398628237
-0.3626347639269323 0.03103577957465138 0.9314144128033733 212.50066696363345 0.08616464119035545 0.9962808500361705 0.0003499424705729505 -1.800411147369924 -0.9279394821863042 0.08038188998393236 -0.3639602576689033 -19.013532858540582
-0.36559255326287876 0.030680929103911868 0.9302691898520832 214.74204777965582 0.08738945180682776 0.9961731103609399 0.0014892638122450475 -1.8215007946010604 -0.9266634603304602 0.08184017829355571 -0.366874660483995 -19.880201340200845
-0.3675316293251552 0.031782406185760455 0.9294677940104441 216.9356466148071 0.08893381167764404 0.9960369221165283 0.0011076647086564182 -1.8322742642512104 -0.9257490365029144 0.08306821556807858 -0.3689016033798876 -20.764551969952702
-0.36962073970894793 0.032627203363623236 0.9286096997004072 219.0823733561946 0.08903974102608918 0.9960279747078651 0.00044510374491801 -1.8561446124202674 -0.9249067159962727 0.08284768675108174 -0.37105771452022934 -21.617560930525155
-0.37242286780532186 0.0327451976402015 0.9274852880596897 221.35170602074433 0.08833908571966223 0.9960904142096385 0.00030439098694640625 -1.8713851815306977 -0.9238492374136954 0.08204656452992218 -0.3738595294745901 -22.531507094782167
-0.37504899896076577 0.03401673883095445 0.9263806506279346 223.5998904716055 0.08834709530228384 0.9960894220154767 -0.0008087648055443437 -1.902999677604302 -0.9227854783914671 0.08153971319650263 -0.37658762066968415 -23.413878607002815
-0.37841974838319725 0.03498360063257189 0.9249727789077792 225.95191241765227 0.08754825653015672 0.9961585456677079 -0.0018586747199896333 -1.9201710119675084 -0.9214845613531025 0.08027639491136442 -0.38002881944387523 -24.399022409001887
-0.38085599423115196 0.03512717399325864 0.923966878900672 228.24853869146165 0.0854019870902779 0.996342981997602 -0.0026763454832403988 -1.9533285707983978 -0.9206819278443694 0.07788930524379248 -0.3824631274638184 -25.351652612927648
-0.38359701047415495 0.036144512714168756 0.9227929929057475 230.4781498002595 0.08657318957544344 0.9962408744167145 -0.0030336427182476836 -1.9910451118796322 -0.9194337476958397 0.07872543643615226 -0.3852841668897261 -26.27297497068475
-0.38616947005703656 0.035616248237516954 0.9217399976443202 232.66471269036913 0.08828535442462834 0.9960940927358445 -0.00150153616679999 -2.0304664351621597 -0.918193245776714 0.08079629495357896 -0.3878055210176711 -27.14569439366677
-0.38858012092126276 0.034625351070717146 0.9207641254349819 234.44883052825503 0.08854205387464201 0.996072435336467 -9.087643822588237e-05 -2.050383493725079 -0.9171509114210535 0.08149103402274517 -0.39011974706931357 -27.98258062726412
-0.3912545883106539 0.03420389176603608 0.9196466391576269 236.55185677888602 0.08794674419512474 0.9961251100820879 0.00036776271259524756 -2.075869560798094 -0.9160705307514975 0.08102381657261251 -0.39274664077069815 -28.879686882715223
-0.39372501030891427 0.035063310186519724 0.9185592961458772 238.70536731744912 0.08697348332360245 0.9962103463423612 -0.0007476890926022017 -2.0861540010655104 -0.9151044910040581 0.07959591772938879 -0.39528250710727153 -29.800851276271256
-0.3970194246551257 0.03478530575818066 0.917150783104841 240.65757860082468 0.0854055697535415 0.9963459333979455 -0.000818325385640836 -2.089680904552382 -0.9138279187579998 0.07800489410718556 -0.398539548092456 -30.679721134432956
-0.39973454706197853 0.034130830569117504 0.9159952938142298 242.81129047011447 0.08463796599034244 0.9964117512078658 -0.00019174952027006987 -2.1147507960172325 -0.9127150193779896 0.0774513296175257 -0.4011889641332412 -31.643456755787575
-0.4021306301914752 0.034729646590785326 0.9149233890930357 245.2263540876605 0.08421588930214743 0.9964472033086906 -0.0008093252275639471 -2.112628609221161 -0.9117009598825959 0.07672563239201165 -0.40362672989185017 -32.77714015665448
-0.40535048518851635 0.03446869017499848 0.913511299084502 247.51387099335128 0.08375068099104714 0.9964866443956869 -0.0004370063457467771 -2.129799337274428 -0.9103168720785976 0.07633005265706141 -0.4068131210646948 -33.80645683396015
-0.4076315152235909 0.0341133128725035 0.9125090847116988 249.9117713554963 0.08291536514587447 0.9965565692162364 -0.0002158116717889316 -2.139741750189553 -0.9093742848900211 0.07557305231902094 -0.40905638210879797 -35.036681392820974
-0.412558443512725 0.034513976157382435 0.9102770546026993 252.56365206580304 0.08244156640594788 0.9965958105919395 -0.00042242054348894695 -2.1660602370357114 -0.9071928785075878 0.07487039308290647 -0.41399940268642627 -36.078463631802705
-0.41565868174651044 0.03556553516145504 0.9088250398164834 254.8605305694364 0.08277084039014794 0.99656795094977 -0.0011432938697151754 -2.1828807604311073 -0.9057465695600803 0.07474899229048203 -0.41717590999684256 -37.140109236098944
-0.4190385717925108 0.03631933154019091 0.9072417436971068 257.12450917107145 0.08342669861988394 0.996512988806658 -0.0013598150593359683 -2.208818979367962 -0.9041275691557424 0.075118368566427 -0.4206073815287084 -38.1761362467055
-0.4221954208004668 0.036125710592692935 0.9057847203885094 259.3827326024938 0.08304241842204275 0.9965454721029544 -0.0010386403154006754 -2.233643701392048 -0.9026931834226551 0.07478004456577134 -0.42373690131613984 -39.290763978759756
-0.425582164851245 0.036594819673925236 0.9041795397671643 261.6346820776788 0.08160636579093462 0.9966627750614326 -0.0019271401679688417 -2.246979217044595 -0.9012326126050455 0.07296664977825867 -0.42714827167765873 -40.373291562509344
-0.4294678805202901 0.036829547342933464 0.9023308284902631 263.87296060184394 0.08192924006895141 0.9966367257451364 -0.001684196462655584 -2.273431250630741 -0.8993580706387893 0.07320397078379483 -0.4310408790803366 -41.4304185693961
-0.43273755896151944 0.03751092297754709 0.9007392162670604 266.06572806117913 0.08290100405523351 0.9965563822393644 -0.0016734827788361273 -2.3036211163924896 -0.8977001885878442 0.07394800656778243 -0.4343570693956638 -42.482230845221224
-0.4357261029134155 0.03899228339567739 0.8992343215622274 268.2487214480593 0.08444970074329267 0.9964251204745163 -0.0022863358679037524 -2.3262153170950945 -0.8961088166535623 0.07494385313635113 -0.4374613212534554 -43.53869781128321
-0.4388210834821715 0.040950506938742415 0.8976408595162063 270.40975407335884 0.0865385038212396 0.9962435473288148 -0.0031435270107100437 -2.3468195172289246 -0.8943976431363775 0.07630105102254489 -0.4407164684521538 -44.621869249286405
-0.4415488678438451 0.04201877435695685 0.8962527656344267 272.5617399661489 0.08784184020854155 0.9961285462803338 -0.003424966305242248 -2.3723822413632063 -0.8929268774175122 0.07721620223083553 -0.4435304382998403 -45.67365364344305
-0.444693719726126 0.0437791287547393 0.8946121413895626 274.7503051593559 0.08930352796245214 0.9959949609062904 -0.0043494531521312985 -2.4033071282251246 -0.8912196000591517 0.07795784588313215 -0.4468223346428176 -46.75207730821687
