1.0 0.0 0.0 0.0 0.0 1.0 0.0 0.0 0.0 0.0 1.0 0.0
0.9999977501180504 -0.0018800424676609852 -0.0009824454976062828 -0.010173975751729446 0.0018830387612238958 0.999993551810853 0.003057859012361285 -0.02141850037571759 0.0009766902578084964 -0.0030597021154922695 0.9999948421362508 1.5764769602982067
0.9999936683468192 -0.002535385509994048 -0.002497015536008682 -0.02365116552615556 0.0025447773814470916 0.9999896733669362 0.003765271247519269 -0.02931915847341253 0.0024874433360833038 -0.0037716017557847576 0.9999897937708394 3.161981667528015
0.9999914366229065 -0.000659958949036074 -0.004085478557173881 -0.03892694877033616 0.0006733746540273473 0.999994383403936 0.0032832494814728206 -0.04517804541157314 0.004083288800813861 -0.00328597242347939 0.9999862644745685 4.729225291938452
0.9999860165541699 -0.0004839354367076754 -0.0052661658364738465 -0.0515145088949971 0.0005003970546863554 0.9999949918125081 0.003125052429861814 -0.057906450843634875 0.005264627138915606 -0.003127643904734457 0.9999812505965768 6.2456472595282
0.9999796006462585 -0.0006950366073120466 -0.00634942638858603 -0.07167913878191688 0.0007156996510085094 0.9999944540892407 0.003252624289801793 -0.07575333316685245 0.006347130482282664 -0.0032571022206186843 0.9999745522860897 7.782160901874223
0.9999694035741813 -0.0007487053569188365 -0.007786613884400789 -0.09222783288123375 0.0007761042403195321 0.999993516662875 0.003516289866371935 -0.09109209261082768 0.007783930736098502 -0.0035222255045232395 0.9999635015088255 9.346277565585321
0.9999482999979298 -0.0028128235915403058 -0.009771660795020972 -0.10483705561065489 0.00284010955052925 0.999992103761736 0.0027796028346567716 -0.10325858386477386 0.009763765103230687 -0.0028072117163328763 0.9999483928950477 10.91672766881796
0.9999319515447103 -0.0037769322012115455 -0.011037529756904613 -0.1289695910440115 0.0038113385959717442 0.9999879384437225 0.0030978484760812836 -0.118534354085087 0.011025696263454551 -0.003139705435444341 0.9999342859766759 12.443395192558418
0.9999227441696644 -0.0029939264734009496 -0.01206408291086399 -0.1582515082245477 0.0030309891076256332 0.9999907398899108 0.0030550350993380966 -0.13589514839259537 0.012054824645667081 -0.003091365183961022 0.9999225593335025 13.933903752809844
0.9999092099183788 -0.002786801690754936 -0.013183537337927972 -0.19206235950856007 0.0028291950371829985 0.9999908839571706 0.0031980709807385246 -0.15359660457770064 0.013174504766620746 -0.0032350794260220706 0.9999079791087088 15.443053218208753
0.999902117173483 -0.0012002674659925266 -0.013939706955200661 -0.21751754864923492 0.001251113814723077 0.999992594555504 0.003639443415280469 -0.16786345250410464 0.013935235419948896 -0.0036565273362168184 0.9998962141250614 16.993249176660598
0.9999010716531235 0.0008578901200419838 -0.014039620061784512 -0.26584828408392736 -0.0007953163713116664 0.9999897293323169 0.004461916824304586 -0.19295011545981028 0.014043303699872604 -0.004450309474567071 0.999891484295558 18.44713214024475
0.999888929224587 0.001608954480780992 -0.014816898447061634 -0.30242680244858944 -0.0015299818418987156 0.9999845732745766 0.005339697409419185 -0.20954548524304825 0.0148252612009107 -0.005316434739510132 0.9998759658837619 19.939321492743602
0.9998805409556628 0.0014368712527964148 -0.015389581515324777 -0.32669131779936106 -0.0013582893396781844 0.9999859937076894 0.0051154118614534635 -0.2157540878421994 0.01539671615259742 -0.005093897274728023 0.9998684880234358 21.424315435399702
0.9998672499406611 0.00200070195900577 -0.016170333570258193 -0.3498621883643401 -0.001918600481207719 0.9999851991681602 0.005091209758605314 -0.22399207330354848 0.016180280229207887 -0.005059509490439897 0.9998562896213741 22.956061840995442
0.9998640089378663 0.003157912151552332 -0.016186142886555926 -0.3827880900314008 -0.00306685779139012 0.9999793516026423 0.005647189712016637 -0.24189727280517198 0.01620364199765953 -0.005596781146266786 0.9998530482159932 24.455170246308462
0.9998635853000598 0.0049808254360662494 -0.015748084610129654 -0.4208177772176511 -0.0048768446372803075 0.9999661007732846 0.006634281472336761 -0.2519782792090297 0.015780594960146475 -0.006556575496843391 0.999853981409515 25.95496956511725
0.9998558026420544 0.005357948237644795 -0.016114165001573432 -0.4476330826987119 -0.005270589272087439 0.9999712105392642 0.005458844324658535 -0.26732180722635096 0.01614294928878162 -0.005373126028544888 0.9998552568771853 27.438224330682257
0.9998526018006714 0.006041665603866178 -0.016070872694447697 -0.47818962444124036 -0.0059839436329350675 0.9999754806455093 0.0036373790533338526 -0.28642580435566267 0.01609245447493779 -0.003540675713876808 0.9998642390467131 28.915774879332233
0.9998670756466943 0.004199112472048728 -0.01575431662042266 -0.505538049973875 -0.004144420074168834 0.9999852775900397 0.003502625503437528 -0.2996645004912904 0.015768792597351027 -0.0034368674131524724 0.9998697580797249 30.36314623875563
0.999878694299099 0.003527222247838253 -0.01517087307787158 -0.535876820737179 -0.003435681607864081 0.9999757613397168 0.006055809189590945 -0.3131649399312658 0.015191865541134997 -0.006002952295804977 0.9998665769917084 31.8093541304089
0.9998905575028207 0.002006003264157698 -0.01465772723187827 -0.5685303200826495 -0.0018972767538343576 0.9999706133601249 0.007427836636080844 -0.3298213104000955 0.014672196755064296 -0.007399213949950843 0.9998649800224553 33.26311402159818
0.9999016927651543 0.0014639254923433332 -0.013944953479084898 -0.5984490482056574 -0.0013695719450973565 0.9999761231137645 0.006773291301183178 -0.344680026464318 0.013954536110819274 -0.006753526820583808 0.999879823177474 34.70619358204309
0.9999059245183708 0.0018366414900247846 -0.013592971018209615 -0.6273828291502557 -0.001764920223616493 0.9999844690470074 0.005286465868217018 -0.36380183097979374 0.01360246924896417 -0.005261978031945232 0.9998936365521703 36.126220113655656
0.9999076449796529 0.0027498430039746627 -0.013309390470652799 -0.66020239592151 -0.0026889302615958222 0.9999858396251111 0.0045924071364921324 -0.3798374646585324 0.013321830403329162 -0.004556194981837631 0.9999008800486144 37.54258180915276
0.9999109021603414 0.0032563795193279537 -0.012945413601746945 -0.6812757267338088 -0.0032089226149687664 0.9999880616991066 0.003685006772399752 -0.39892945201576574 0.012957258836085669 -0.0036431376157904202 0.999909414393008 38.91823176752539
0.9999278933778507 0.003633960034270525 -0.011445627086502121 -0.7129231188153187 -0.003578387716839777 0.9999817288494757 0.00487207435911445 -0.4145427468849041 0.011463122885231023 -0.004830766158911663 0.9999226272627483 40.31287151202111
0.999947442341482 0.004092808526909602 -0.009400078355555584 -0.7407421655492256 -0.004027124915931663 0.9999674193582435 0.006995890717015685 -0.42945353356983096 0.00942840493614935 -0.006957667739622945 0.999931345663284 41.68991117291002
0.9999625244067327 0.0034456551770435037 -0.00794211826372727 -0.7591530923867172 -0.0033818906083500065 0.9999620550462596 0.008028155676897353 -0.43758423564499355 0.007969479156586579 -0.008000995441833981 0.9999362337038865 43.05705506498051
0.9999761366065079 0.0037057469227508733 -0.0058304079845748116 -0.7808809823914964 -0.0036543142991953643 0.9999545358849501 0.008807505328671063 -0.4570723520340866 0.005862781296003375 -0.008785989008437573 0.9999442155403571 44.356473932360565
0.999990202210301 0.003287620122142873 -0.0029642937325541968 -0.789950094110021 -0.003263566582656614 0.999962005804481 0.008083073712209206 -0.46983398227991574 0.0029907551823826766 -0.008073320345986143 0.9999629377542106 45.66667908803886
0.9999976864866077 0.002112842664398568 0.0004036301619757703 -0.7938464781936247 -0.0021152689705885444 0.9999791059646277 0.00610845900064397 -0.47858257888402683 -0.00039071551572349644 -0.006109298654999526 0.9999812617301039 46.95663692212036
0.9999946174888608 0.0015412486964524743 0.0028964712603976187 -0.7603832729244818 -0.0015539037072749957 0.999989235645294 0.0043719534313754445 -0.48822784971322286 -0.0028897018142274027 -0.004376430736716984 0.9999862481441597 48.25221789121457
0.9999747022445846 0.001964380348969293 0.006836379209649833 -0.7509295229712222 -0.0019997639761790663 0.9999846214051556 0.005172803613510989 -0.5014877124047248 -0.0068261127219772 -0.0051863438980613635 0.9999632523358442 49.53075505434528
0.9999223802698445 0.002378932150664761 0.012230049767264248 -0.748447166138675 -0.0024415807025588267 0.9999839624801177 0.005110133680484384 -0.5213129056691622 -0.012217696966292156 -0.005139597686790155 0.9999121523496247 50.761557708430644
0.999820618058375 0.004341281560515161 0.018435969727140122 -0.7319073922265601 -0.004417841941433491 0.999981778354128 0.004114077331975908 -0.5350932824294151 -0.01841777342536953 -0.004194786541087679 0.9998215787768976 51.97348652941901
0.9996509550478491 0.0059329471313350375 0.025744285001887652 -0.7133416140894414 -0.006037945462357529 0.9999737604835364 0.0040026939685108304 -0.5441050875279959 -0.025719861712600312 -0.004156739437194777 0.9996605475013691 53.18524052103548
0.9993823510097646 0.00730107347741701 0.034374566415748174 -0.6841174994426389 -0.0074800204231497865 0.9999591202292638 0.005080075273342539 -0.5578151037420946 -0.03433607118851338 -0.005334060028806232 0.9993961086671027 54.39694101713312
0.9989409154976031 0.00964663884177691 0.04498877308689546 -0.64622815592052 -0.009927195789441323 0.9999326215476807 0.0060169052292887385 -0.5754265313762159 -0.044927698901301896 -0.0064571451769682205 0.998969372477254 55.57343668344754
0.9982492749496027 0.01228245691211417 0.057857811182171516 -0.5891993860471427 -0.012629379373395784 0.9999043723261832 0.005634268330637745 -0.5856892845510046 -0.05778307571627466 -0.006355112523064412 0.9983089345015337 56.72834417817746
0.9972131851353255 0.014669437907388823 0.07314828079822981 -0.5247187920982336 -0.015150250702551316 0.9998670903689385 0.0060225825688946626 -0.5999042604436708 -0.07305021078618065 -0.007114013538821568 0.9973028915607658 57.87851405924707
0.9958635598872924 0.016955454855270384 0.08926523757464307 -0.4352236326641152 -0.017667408238917055 0.9998180553745165 0.0071915807188126 -0.6072310500670925 -0.08912705972220916 -0.008738918569628511 0.9959819268076642 59.00417389375297
0.9940940313029344 0.017497061127765 0.10710233321346811 -0.3296845530266883 -0.018453995565330124 0.999798102295033 0.007950138044215635 -0.6190783179635744 -0.10694160544686294 -0.009879650759946696 0.9942162166879542 60.128313045680436
0.9918340863855675 0.017117057245401475 0.1263809773461219 -0.20009447850085016 -0.01813073367180738 0.9998119893179817 0.0068747736354477194 -0.6285313868063007 -0.12623954047851088 -0.009110014669266827 0.991957955788702 61.245981111542456
0.9891505086916895 0.01607299286827416 0.1460237311371856 -0.04355192347164105 -0.017100668614335453 0.9998370366122664 0.005785097349259302 -0.6360534182674015 -0.1459069507868343 -0.008219435421856222 0.9892641722984992 62.31342211645043
0.9858679229684129 0.013122305505826593 0.16700971097560852 0.13045757630266397 -0.014262477541949982 0.9998824391608815 0.005629350943679824 -0.6533235178073055 -0.16691620711096414 -0.007931768774582763 0.985939180095708 63.38799246202327
0.9822140340471178 0.00765170305892961 0.18760874915947218 0.3451003472243598 -0.009275274245248266 0.9999267357549132 0.007777686686646801 -0.6684860871866479 -0.18753549159708302 -0.009379475615307721 0.9822130445217183 64.42080448693721
0.9776052544269663 0.002084151041202428 0.21043674306361382 0.5780066395643646 -0.004139907958860028 0.9999479145957338 0.009328947300222051 -0.6851206919406503 -0.21040633944555143 -0.009991216646414555 0.9775629636555635 65.44750557499115
0.9721108861305171 -0.002904096802505958 0.23450371273883727 0.8084026090447625 0.0008754129938203541 0.99996129457785 0.008754598693046968 -0.6979621981879305 -0.23452006037571324 -0.008305153095983722 0.972075802452373 66.45473889859456
0.9655842123829352 -0.008611315598049826 0.2599480218053099 1.0810244215761826 0.007052154143704114 0.9999511197515916 0.0069300237710602204 -0.7074445370412967 -0.259994992103227 -0.004858328025651763 0.9655977427117561 67.4598680171194
0.9582204344787753 -0.012330068872992601 0.2857648829875533 1.369633291388089 0.010559654629756896 0.9999143241592746 0.007735504844376008 -0.7201917716059892 -0.2858357791484536 -0.004394740343229097 0.9582685394063152 68.40349913462359
0.9495420121768358 -0.014683717380524987 0.3132959552165492 1.6835644334581383 0.012201262156728768 0.999876720402473 0.00988297520859224 -0.727359006529046 -0.3134024510321265 -0.005561694083620512 0.9496041129049392 69.37633460302362
0.9399324543693484 -0.019040945190969914 0.3408290240420298 2.0294660422726767 0.015718906050682813 0.9997982381477575 0.01250595814825066 -0.7330243473887004 -0.3409983830105041 -0.006397296528262923 0.9400421146849495 70.31448777324717
0.9290410812928481 -0.021700630519962117 0.3693396159434393 2.3971803481922476 0.01859580992379399 0.9997554905107143 0.011964741825669941 -0.7401555557814528 -0.36950895134419953 -0.004247567387698065 0.9292174627329156 71.23379701386699
0.9172674665140824 -0.020820955657358694 0.39772714601890913 2.7838984934690005 0.01929776631408386 0.9997830999953649 0.00783257166843748 -0.745931852354157 -0.39780396062648776 0.0004906823500436922 0.9174703091330595 72.1139553073835
0.904417952053873 -0.02185186751321719 0.4260876246605371 3.2069218646242983 0.02319802895341636 0.9997288272216525 0.002030634061578561 -0.7454522258747392 -0.42601645444202196 0.008047851154224801 0.9046796187802889 72.97288125161086
0.8904640375864994 -0.02375290453396601 0.4544332704494086 3.646537228083016 0.02691952560638908 0.9996374795640821 -0.0004985899040752533 -0.7544461567653544 -0.4542566861437188 0.012677104439341794 0.8907806430972566 73.81278371521807
0.8748398999363528 -0.024139736806678115 0.4838103167422668 4.1082762345707335 0.02612608620716245 0.9996551804039652 0.0026358890355313905 -0.7668384497838321 -0.48370711913186204 0.010334089143036494 0.875168914840295 74.64783804367337
0.8569535854565032 -0.022645736419047817 0.5148958370343267 4.594325665856546 0.021642765904318517 0.999734167270055 0.00794892928982197 -0.7729753337092051 -0.514938970225845 0.004331906610589521 0.8572158955174974 75.47373104702365
0.8373064004426185 -0.022770110953523392 0.5462595663464275 5.1124395254931185 0.019582638654426467 0.9997402882587783 0.011656598799795831 -0.7866527103227074 -0.5463831183713082 0.0009370589168255308 0.8375348409943513 76.27865455868421
0.8161422444232848 -0.016660620316564644 0.5776108210537503 5.643032059360214 0.015549126113992959 0.9998555066850803 0.006869528994574403 -0.7988796722675552 -0.5776418107658184 0.003374830689609661 0.8162833754113852 77.06152849701066
0.7943744759773855 -0.009905978945908212 0.6073475640000326 6.217260487842351 0.01261099690079938 0.9999204610102163 -0.00018550007764212942 -0.8070461678501988 -0.6072974186284847 0.007806614774283826 0.7944362165038462 77.81871187115132
0.771872140110863 -0.007383663411438006 0.6357349139659542 6.823075414013428 0.011911960507956537 0.999924990523726 -0.002849302191353215 -0.8006446226265245 -0.6356661895346741 0.009772146168954691 0.7719021962928473 78.56731466039558
0.7486198839135934 -0.009367726720525868 0.662933265951622 7.458877202589207 0.01269135362555799 0.9999194410896193 -0.00020217360945613458 -0.8124969690395082 -0.6628779668629426 0.008564871692380223 0.7486784650439371 79.28793857247199
0.7240297947447136 -0.009852363091027527 0.6896983306224879 8.113717268527667 0.013265387274828538 0.9999119467666536 0.00035806949477759073 -0.8280825003335558 -0.689641128285122 0.008889862475702693 0.7240967369922253 79.9731923761442
0.6983468029155717 -0.007975847563833193 0.7157151170076221 8.773268617849192 0.014098031436466341 0.9998972031343147 -0.002613173125614173 -0.8462033326379912 -0.7156207014663674 0.011915075316866024 0.6983874588027612 80.63453998733942
0.6726858901756239 -0.005967638436552941 0.7399041021984645 9.465180027900745 0.014399794439838772 0.9998836801758538 -0.0050271302026310555 -0.8606469704872589 -0.739788036587994 0.014036146532237746 0.6726935762379536 81.2576471277342
0.6456506075552793 -0.003185285928825722 0.7636263136620207 10.16910938208119 0.012430853156850295 0.9999026375495073 -0.006339504028294177 -0.8712412753943239 -0.7635317719998896 0.013585631199307658 0.645627341251612 81.86269693866184
0.6175115620225896 -0.0018671112704695713 0.7865595874845855 10.91024589104749 0.012817518468344695 0.9998882869911554 -0.007689262526357479 -0.882681625294954 -0.7864573618377126 0.014829950552491016 0.6174665096811941 82.46226682484854
0.5888127654616132 0.00481724406725372 0.8082551091017239 11.671650083329075 0.012347599037169333 0.9998119375266279 -0.014954142478285548 -0.8771540227216564 -0.80817514440093 0.018785199994678776 0.5886425504783831 83.02946114430638
0.5589073174216601 0.013891209564066481 0.8291137707391953 12.424275387999785 0.011480283888731485 0.9996342270483912 -0.02448704137278428 -0.9012094090920802 -0.8291506579713711 0.023204448069399555 0.5585434092131397 83.54045320680034
0.529923671119732 0.021677792189225106 0.8477682325451826 13.22434005956729 0.011310212013735896 0.9994036673761727 -0.03262497109965796 -0.9219958402399663 -0.8479699180343547 0.02687718290390307 0.5293624799208569 83.98400545849601
0.4980949054242057 0.026506324299903804 0.8667173010633605 14.011726744274888 0.008469756668596992 0.9993362819711825 -0.035429631073162805 -0.9630587458902333 -0.8670811544558135 0.02498820337907219 0.49753980873841597 84.44680026243775
0.466255280154284 0.02563059394076673 0.884278851032009 14.843940445905723 0.007088399754421588 0.999439878564622 -0.0327060196851849 -1.0039825784366525 -0.8846218222026697 0.02151747636154373 0.4658124406817174 84.88263468588396
0.43339373160498923 0.024388971166967876 0.9008746036441008 15.710588241823618 0.00276834085535741 0.9995929948372707 -0.028393325996739403 -1.0367788842404762 -0.9012004270385203 0.014799417477226599 0.43314982113343103 85.30607401047537
0.3990417916171121 0.026098969053647888 0.9165612321920115 16.57740911287535 -0.0017671991436710903 0.9996148708838895 -0.027694528610626813 -1.0706606665867204 -0.916931036419965 0.009431528090124298 0.39893423108037884 85.70140922397833
0.36401492829989895 0.029011186897407688 0.9309411812835543 17.445786380122826 -0.009206653465789208 0.9995780238667257 -0.02755016759742941 -1.1138421360231776 -0.9313476093847981 0.001457819429519105 0.36412841863239753 86.05079734850288
0.3278978249165245 0.031180380023467433 0.9441984962477967 18.331670573882604 -0.014220219934014584 0.9995048519273106 -0.02806842209293551 -1.146853302051826 -0.9446061622496641 -0.004223135724896409 0.32817885880203873 86.37723999313774
0.29178107333498876 0.030815037300783256 0.9559886185094622 19.259628768344893 -0.017299600306201552 0.9994874272826288 -0.026937084719609088 -1.1802098032107458 -0.9563286720959097 -0.00867848950548762 0.2921646021460769 86.67205648512923
0.25542626868180485 0.030395590938500684 0.9663506244209636 20.19526150220817 -0.01769668096948792 0.9994852267907716 -0.026760211315656177 -1.211775688431857 -0.9666665654453724 -0.010265937779548092 0.25583268315747254 86.93378674531589
0.2195012415181595 0.029908414483565005 0.9751536759480848 21.138888206037215 -0.016879898446421977 0.999496799895462 -0.02685546549893493 -1.2457095079647598 -0.975466182909701 -0.010565687001093317 0.2198956394696579 87.15126035336536
0.1839052173561508 0.028321510884618976 0.9825358838487253 22.090440823534028 -0.014382387896479831 0.9995553451637081 -0.02612008562486749 -1.2814251299094581 -0.9828387548054764 -0.009327592179519475 0.18423077396719145 87.33368499242007
0.14938497404961548 0.027171223360663705 0.9884057133329802 23.06099124993816 -0.006055187183070267 0.9996287599975295 -0.026564579687516764 -1.321762134179062 -0.9887605697216951 -0.002016632559787499 0.1494940432149224 87.47648461757983
0.1156482035640699 0.030563957038402832 0.992819891794355 24.018594422092292 -0.003909446402035019 0.9995327426095282 -0.030315221923964582 -1.360175891687506 -0.9932825425030034 -0.00037547519769032413 0.11571365423813573 87.5888467935614
0.08352693268832617 0.035831107289186405 0.9958611264961131 24.974848106290896 -0.002857519052263727 0.9993578502219063 -0.035717247720282244 -1.3956034802582409 -0.9965014230298632 0.00013766000377561565 0.08357568395877817 87.66599862192042
0.054187715319330004 0.039600930735481814 0.9977451868054045 25.914770824243945 0.003910418267094574 0.9991971862624602 -0.03987093671028326 -1.438762792652653 -0.9985231094658971 0.006062115972363763 0.053989356474123805 87.71527935516065
0.02860808080598662 0.03793060752588798 0.9988707858003015 26.890885344913904 0.0060557112403917725 0.9992548715682299 -0.038118630727382564 -1.4807205708588793 -0.9995723615996833 0.0071393739133347464 0.028357067305250273 87.74386384300065
0.00627850883560267 0.035245845755471766 0.9993589498692547 27.88832500400198 0.007591247484724484 0.9993481705436713 -0.035293157872873245 -1.5235365911397816 -0.9999514754668969 0.0078079695180753705 0.006006856380663532 87.75423504315326
-0.01220798655046822 0.03288699411334116 0.9993845159309651 28.900567416824124 0.008371362210104732 0.9994273305986509 -0.03278614260930442 -1.5678095740097069 -0.9998904366775039 0.007965956982015323 -0.012476304349843117 87.73520079745478
-0.02859631485256342 0.03651989309077268 0.9989236948763847 29.895438326953297 0.0100549262437307 0.9992923297364206 -0.036245526457555854 -1.6074161329921075 -0.9995404690331877 0.009007615588523026 -0.02894328292235109 87.70738673101872
-0.043393712638473705 0.040877916047818395 0.998221409148809 30.88874562330208 0.012845981749415434 0.9991028014079527 -0.04035558166685166 -1.6497997538696847 -0.9989754583854108 0.01107195548959435 -0.04387989682409538 87.66995191391534
-0.05502109506164423 0.046229694534215084 0.9974144045688771 31.891289895788137 0.017311192083279085 0.9988216106633995 -0.04533996802407066 -1.6953933056992265 -0.9983351149423081 0.014771777653380832 -0.05575654991196888 87.60639074388389
-0.06334255508525848 0.04985883632030288 0.9967456130608516 32.904251408167816 0.02280802106243427 0.9985627248587693 -0.04850029585312846 -1.7407681376585613 -0.9977311836814989 0.01966166227485655 -0.06438869579439462 87.51797503196195
-0.06921292066929706 0.05507635749884369 0.9960804016027429 33.91465991813922 0.027026243218566132 0.9982118791430519 -0.05331628752252371 -1.8022553898912657 -0.9972357563735438 0.023230135220287527 -0.07057766663563476 87.44374799800823
-0.07299716420800054 0.059361149016033725 0.9955639949320599 34.91917016378207 0.028782539682056074 0.9979367207554414 -0.05739221878724569 -1.8705680324198763 -0.9969167364564799 0.0244653909710868 -0.07455511530130535 87.37080618032974
-0.07592443703448888 0.06327684335450866 0.9951037739633395 35.91768885963752 0.030862678340998484 0.9976553510094502 -0.061084332588852874 -1.9397452038289054 -0.996635828648867 0.026073774128310433 -0.07769931374272228 87.29713700582168
-0.0786760241120454 0.06654418672337217 0.9946768090406259 36.9183301074585 0.03084214569185142 0.9974545075670823 -0.06429049216818102 -2.004468036978994 -0.9964230252653947 0.025619846748739943 -0.08052812038988458 87.22228234489673
-0.08097367702805229 0.07007979565652536 0.9942495088604733 37.90781438394545 0.032164656705078364 0.9971893252691038 -0.06766745472078199 -2.0740382923176433 -0.9961971182891463 0.02650041150782098 -0.08300017892941643 87.13715846425225
-0.0831719501747807 0.07416031878730052 0.9937719425610112 38.88231501589916 0.03349451672031638 0.9968717177660378 -0.07158837662537336 -2.1434015069884795 -0.9959721602804945 0.02733176605251399 -0.08539572887829062 87.0543001710761
-0.08534021671975016 0.07543407514313782 0.9934921981160808 39.85965618446409 0.036285403140547054 0.996703700392194 -0.07256103047387139 -2.220563954761565 -0.9956909243983059 0.02985689085958345 -0.08779606562395034 86.96553235148586
-0.08744892782139968 0.07387782658538104 0.9934257656019922 40.86204135382807 0.03613897525272265 0.9968250390280632 -0.07094939065543486 -2.3087871455435343 -0.9955132643468741 0.02969694101610964 -0.0898411498352236 86.87041273393207
-0.08937573146820012 0.07381188723191001 0.9932591725867849 41.870967474065544 0.035491063190992024 0.9968528715931716 -0.07088537811153608 -2.3858759145048962 -0.9953654419649574 0.028916391540193407 -0.09171411691881014 86.78141209147262
-0.09144421904353914 0.07566044885040626 0.992931745531015 42.882559030532356 0.035122703648438454 0.9967340889779294 -0.07271555237881197 -2.457448426942455 -0.9951906101305111 0.028225030541813922 -0.0938029698835414 86.69339692161215
-0.09395367564133321 0.07811144658133568 0.9925075862412591 43.93732444442611 0.03361260673269603 0.996597915704801 -0.07525149222090827 -2.5312345767013342 -0.9950089946840251 0.02629061288389705 -0.09625956665221864 86.58437732473706
-0.09647573206787886 0.08041325940907487 0.9920817208441912 44.97423875958321 0.03230103967858673 0.9964590824000199 -0.07762692791929295 -2.6136126079938427 -0.9948110755101428 0.02455615633019632 -0.09873155133308638 86.4823491338695
-0.09890261029706464 0.08405259080799136 0.9915409399792261 46.017888525782524 0.029942719048326846 0.9962264783369548 -0.08146310475507679 -2.700879053590913 -0.9946465237723489 0.021632518087533418 -0.10104616226642522 86.3714488715821
-0.10130462644847538 0.0882387613000664 0.9909345556919288 47.04847327219471 0.026334699436953792 0.9959476395698001 -0.0859929232024546 -2.7890070527624187 -0.9945068407334852 0.017384482723603007 -0.10321784484638638 86.27348650805216
-0.10393123603471145 0.09088945310068373 0.9904228417657537 48.070585485339 0.024139802418446446 0.9957528597488687 -0.08884544018205226 -2.8783693531185475 -0.9942914905174903 0.01467479529677454 -0.10568387893857042 86.17284727233627
-0.10667700178243458 0.08936388132959237 0.9902697178064248 49.109230690422955 0.021979446250989614 0.9959214701946797 -0.08750616634136 -2.9756565940984996 -0.9940507639115856 0.01243068457373922 -0.108206085077587 86.06495314264913
-0.10971040367415155 0.085340911231253 0.9902931667924753 50.15543494779223 0.0185515091242506 0.996309543776779 -0.08380414362377724 -3.069383256579 -0.993790455194083 0.009177246292903856 -0.11088872492553935 85.95359415204265
-0.11222138286705366 0.08391836685211138 0.9901333591654591 51.19087870889608 0.01882754755578497 0.9964282580888323 -0.08231798063051328 -3.1605138262986094 -0.993504848845961 0.009403945285078598 -0.11340053409325086 85.8402740462058
-0.11479219560787375 0.08423829969191154 0.9898114268346949 52.22267770137821 0.01830399491202771 0.9964082931096048 -0.08267694474676598 -3.2548277629233207 -0.9932208795619328 0.008626835307018518 -0.11592179309690469 85.7369708214378
-0.11572287594184003 0.08687417579377728 0.9894751606603861 53.25999003427193 0.019668185721031708 0.9961729781826618 -0.08516196339402725 -3.3510749651785954 -0.9930867930116616 0.009605993901405367 -0.11698865939471981 85.61213060399312
-0.11580738154112824 0.08992363786836598 0.989192797048736 54.304404865052135 0.02028766240104993 0.995899863815268 -0.08815822143752473 -3.4414247909785636 -0.9930644798475491 0.009859036730072948 -0.11715689591256079 85.47388112537763
-0.11615029205192111 0.09061037258876192 0.9890899200960316 55.36374319037666 0.01889600972733732 0.9958514033096622 -0.08901080463942025 -3.5410136003592743 -0.9930518870998798 0.008351221796701246 -0.11738060581656874 85.36282180464241
-0.11676328225051959 0.0895328781636878 0.9891158676544455 56.40956215701648 0.015602253611915315 0.9959707024851904 -0.08831154779178728 -3.6381414799544176 -0.9930372125959377 0.005120890437923256 -0.11768972291924226 85.26461923254348
-0.11689430060200495 0.08899032037137024 0.9891493544288265 57.45461376972334 0.011673223620005486 0.9960317277312304 -0.08823000171740372 -3.7352921332365194 -0.9930757565951756 0.0012329772649635738 -0.11746923610026085 85.15612697530256
-0.1169746994824824 0.08990121288324326 0.9890574763900728 58.49489383742288 0.007944041884140949 0.9959472349991358 -0.08958793052702148 -3.8395751721934643 -0.9931031224799973 -0.002622407232388844 -0.11721480751501387 85.04288326770109
-0.11706415844767197 0.08984365861926037 0.9890521218888512 59.544141432783945 0.004065931933846887 0.9959345857426841 -0.08998760536347632 -3.943574759918556 -0.993116030987539 -0.006512904685968596 -0.11695354234953294 84.92054717015283
-0.11812655827204592 0.0890773360279712 0.9889951185101752 60.60098864170015 0.0010624838871944357 0.995979111081795 -0.08957946983936678 -4.052958521798741 -0.9929979795340899 -0.00953092308602684 -0.11774622773718924 84.81750124152433
-0.11815266229736274 0.0837472510537817 0.9894576020896371 61.67369262224659 0.0012999509942487276 0.9964493952256075 -0.08418380415453032 -4.153731272935478 -0.9929945913847931 -0.008660294189573012 -0.11784201621277667 84.69714317153446
-0.11808848637823786 0.07507869428242889 0.9901607440460043 62.777586509659564 0.004480935289427846 0.9971677773215013 -0.07507559583928827 -4.252354853137206 -0.992992966039449 -0.004428717256404263 -0.1180904562597433 84.56240750979894
-0.1172050210867538 0.06954574795729006 0.9906696583488915 63.87846710502837 0.010072179955301384 0.9975769349420094 -0.0688390155554951 -4.346149330965348 -0.9930566621411867 0.0019099248053732311 -0.11762150298409052 84.4223974853593
-0.1163967179528081 0.07207863192081294 0.9905839060222175 64.97196010038027 0.018593681290959473 0.9973465302923197 -0.07038589013372497 -4.429251493854027 -0.9930287403020408 0.010225914838777833 -0.11742806989747212 84.28329693194821
-0.11425196577749985 0.07787011123102136 0.9903952413520777 66.08010706957481 0.02416775835055312 0.9968461135017412 -0.07558932102339982 -4.509722371240449 -0.9931577960084087 0.01529940434582437 -0.11577357407619789 84.12690390263623
-0.11327645978378907 0.08340950252012203 0.9900562097922483 67.1624628658899 0.027764943616139244 0.9963465696873821 -0.08076274498909995 -4.60112317917039 -0.9931754888059 0.018340337006902265 -0.11517847226643158 84.00172485320515
-0.11267909562820633 0.08775433159244206 0.9897487553390346 68.26415380566283 0.02862729177222998 0.9959656530831213 -0.08504643463717251 -4.6976064030248885 -0.9932189585253554 0.018750871058969876 -0.11473667792093707 83.87311882667277
-0.11200516861573406 0.08522293653049971 0.9900464096659682 69.3746733022993 0.02570330269260795 0.9962307177197219 -0.08284743389107725 -4.789261515259377 -0.9933751468775769 0.016168121745019713 -0.11377350045236875 83.73681083809822
-0.11167546744186385 0.08093487822854158 0.9904434034601709 70.48390459128392 0.025135573618167324 0.9965890711974945 -0.0786029650114899 -4.885515835505992 -0.993426792929666 0.016117340222323064 -0.11332889496342523 83.61312279902326
-0.11126041711675509 0.07902670574052939 0.9906441840352166 71.61752445818415 0.022721930472613602 0.9967749394831448 -0.07696384796751768 -4.976329242801922 -0.993531495957022 0.01394631844496739 -0.1126972348517402 83.48327038018355
-0.11123718202365705 0.07959885565566613 0.9906009850155303 72.74042296861657 0.020557223658203477 0.99675817792707 -0.07778518683509024 -5.069197551682457 -0.9935812447358784 0.011711401018278857 -0.11251290235029401 83.36549739012783
-0.11157925321409667 0.08469127165324308 0.9901401207697503 73.85792059790282 0.020984594426822222 0.9963404980445182 -0.0828568570073654 -5.164917420518911 -0.9935339536467396 0.01153258263152605 -0.11294814070590481 83.24982309275558
-0.11103663894157688 0.08740234877988809 0.9899655015404887 74.97351671298632 0.020436873340053275 0.9961153978972237 -0.08565306929780156 -5.2633753734456645 -0.9936061589083653 0.01072117063614446 -0.11239153651209813 83.12810965042176
-0.1110790161622231 0.08602329629531498 0.9900815343510433 76.09193570788868 0.020592705496989914 0.9962320633253618 -0.08424735297208014 -5.368557180053517 -0.9935982048336955 0.011030344372485797 -0.11243192986993365 83.01723236479499
-0.11079796942692506 0.07932183385212731 0.9906724265089853 77.23772876534437 0.022112739121468966 0.9967598255862731 -0.07733612911029496 -5.471222044481501 -0.9935969186442818 0.013337794853463647 -0.11219298769990481 82.89009045882916
-0.10999170571312224 0.07743695142593393 0.9909113700165978 78.40855527219954 0.02178875201901866 0.9969086987714969 -0.07548706246218453 -5.571486703579132 -0.9936936524703008 0.013287771354626172 -0.11133894274985578 82.7487719482794
-0.10981559460210814 0.08049917968300042 0.9906868411625064 79.54754824956886 0.01926075224264424 0.9967001864795011 -0.07885278495252968 -5.665368076030916 -0.9937653438338592 0.010422108332081901 -0.1110036983738901 82.62998728860974
-0.1095555564820751 0.08366526309935647 0.990453281984776 80.68725087111687 0.01883807317851662 0.9964470435254846 -0.08208785810481804 -5.76066515808843 -0.9938021468294472 0.009665050430833546 -0.11074240270711978 82.50311557246259
-0.10971718529697519 0.0832496231626061 0.990470413234938 81.83298623013336 0.01789101911728148 0.9964903227447346 -0.08177376175176379 -5.858183149946668 -0.9938018166040193 0.008748538127736709 -0.11082153398673661 82.38565530072842
-0.11007745640587349 0.07969690710529802 0.9907226436238642 82.99254122282773 0.017354109913661448 0.99678222596738 -0.07825617461014658 -5.957780770632278 -0.9937714971060055 0.00857886900226071 -0.11110632091075938 82.26884219639317
-0.10904853075133412 0.07841625895200918 0.9909385996483044 84.14864351361184 0.01821576166315301 0.9968738342205055 -0.07688136753162855 -6.05778491833614 -0.9938695105334506 0.00966690118253255 -0.1101360388497824 82.13749667405996
-0.1077745185969362 0.07881557885012999 0.9910462944139962 85.29956428908248 0.020309071173763606 0.9968191197174001 -0.07706610275523627 -6.152319522234422 -0.9939679042953306 0.01182146760515818 -0.10903237195623454 82.00963400565662
-0.10645246785395854 0.07909254333723978 0.9911671108729571 86.46586476910186 0.02302071586142897 0.9967601597938462 -0.07706640311424767 -6.246922425263005 -0.9940512656442942 0.014613467630457382 -0.10792834583548672 81.87146510595475
-0.10580531895772262 0.0787051410737285 0.9912672370500374 87.65051348345418 0.02228107553158621 0.9968001310022913 -0.0767662198298492 -6.343146409785444 -0.9941372079111638 0.013964225806420085 -0.1072203909907864 81.75716389297688
-0.10502500837396614 0.07907837195801137 0.991320512601507 88.83987196917053 0.02317196682987707 0.9967573719704861 -0.07705713059620126 -6.444658301494859 -0.9941995813564178 0.014877920249635433 -0.10651685274998592 81.64720369360535
-0.1031363555527763 0.0773658641135643 0.9916538787466364 90.05742692663647 0.023491498983499625 0.9968818699498037 -0.07533051732788414 -6.543193435553307 -0.9943897835551165 0.015526121065453258 -0.10463220310144224 81.5126714658097
-0.10241359511290762 0.07676195900335851 0.9917757091127066 91.26102836717187 0.02141933859035688 0.9969571373928806 -0.07495117167689772 -6.640303062252157 -0.9945112706603143 0.013567160769816922 -0.10374615500463137 81.40504327946952
-0.10081518890705055 0.07596577234302722 0.9920007556035221 92.47032953595728 0.022537193680329425 0.9969992315148948 -0.07405813432513489 -6.736810435070948 -0.9946498743711994 0.014890728357973906 -0.10222472118973039 81.28142562828852
-0.09871348663007401 0.07734796192918825 0.9921053070832403 93.66216801684635 0.020330752307295145 0.9969232992418785 -0.07570069972795665 -6.827900982974895 -0.9949081907733728 0.01269756725057584 -0.09998231702638027 81.16073583147454
-0.09718156317355393 0.08001929006699977 0.9920446849796198 94.8630788406772 0.0203043961934178 0.9967146450668498 -0.07840693722164543 -6.92205299292387 -0.9950595335327219 0.012523159602546454 -0.09848703061420822 81.04314169297808
-0.09582742353496382 0.07879298534555329 0.9922745438430745 96.06292285525254 0.018190853244544076 0.9968342868312564 -0.07739830395977924 -7.0210337464442425 -0.9952317306822965 0.01063344055090073 -0.09695737303147427 80.93162554081655
-0.09502914012106466 0.07758537921252126 0.9924464577297334 97.25990759418471 0.015090243103274757 0.9969559208230163 -0.07649298333188072 -7.118055355625765 -0.9953601092523886 0.007707195882797606 -0.09591064612799355 80.8122323326835
-0.09455786516726912 0.07867696804638674 0.9924055344636242 98.48130829337862 0.012704101391883627 0.9968863441155167 -0.07782173683374005 -7.2192784599576125 -0.9954383034336306 0.005248963233080553 -0.09526296469323557 80.69784764559006
-0.09497747446032706 0.07811269507374283 0.9924100393554318 99.70870717047913 0.009790939954334985 0.9969417591824851 -0.07753235642580382 -7.317915005353638 -0.9954312717812015 0.0023527997031231544 -0.09545180717832771 80.58891670453595
-0.09635772931441552 0.07562015690184336 0.9924700397853355 100.93215602545193 0.007516541275720222 0.9971366746923082 -0.07524595398299926 -7.415342021207475 -0.9953183860497161 0.00020941275305851 -0.09665022782010844 80.48732383005849
-0.09740577616860208 0.07382309217696284 0.9925030306404201 102.18600952729938 0.005571936643827783 0.9972700011601658 -0.07363082444218064 -7.521122443759238 -0.9952291536581016 -0.0016419035991939988 -0.09755119610513159 80.37063935166844
-0.09867464282931751 0.07287569848937386 0.9924477051372467 103.41408547559753 0.003572054493987043 0.9973343658436673 -0.07287937385774408 -7.6215396277006455 -0.9951133379114111 -0.003646268899859591 -0.09867192829732063 80.25202986507112
-0.10045421654826384 0.07320148914720213 0.992245177546508 104.63582487264577 0.0032919017142275164 0.9973087812291095 -0.07324177951421051 -7.719864901453616 -0.9949362360276004 -0.0040910719788068185 -0.10042484438268313 80.13991110138424
-0.10299056143388866 0.07210239889157195 0.9920656169475927 105.85974397750083 0.0025982852106757894 0.9973853930030494 -0.07221929616184816 -7.814770527738292 -0.9946789397436174 -0.004860236437539371 -0.10290862418803937 80.02185635739454
-0.10598911729123595 0.06735702838261418 0.9920833320559735 107.11215337489605 -0.00043075191645583364 0.9976999007770597 -0.06778438199340585 -7.9125114617453445 -0.9943671964966471 -0.007611748610185311 -0.10571631763585308 79.89582197779457
-0.11012294123352583 0.06709355711976568 0.9916508419837542 108.33424922017966 -0.0011763023383926235 0.9977094988821833 -0.06763410495502968 -8.011800091944686 -0.9939172773057507 -0.0086145477696446 -0.10979178220540349 79.76321849458114
-0.11547538247282779 0.07276027854359772 0.9906419019549932 109.54280760646677 -0.006246919012928204 0.9972406696609788 -0.07397312199011484 -8.10905860760142 -0.9932906986605637 -0.014730534286849915 -0.11470222017914185 79.62489321830564
-0.12213913673488573 0.07596089477303092 0.9896019269094679 110.74914932621849 -0.00502898488971577 0.9970068156205512 -0.07714997677992524 -8.206628278960622 -0.9925002471478919 -0.014399724700284104 -0.12139154558667002 79.4737928275197
-0.13067514209663525 0.07206730635330565 0.988802462877696 111.95325037726171 -0.0027657764545465104 0.9973241584585575 -0.07305390773620123 -8.308601175590317 -0.9914213825203783 -0.012281136344173552 -0.130126154063926 79.31103052995597
-0.1412901605305833 0.06994786036164448 0.9874939935858164 113.17641758800139 -0.0005874816276957953 0.9974945941248581 -0.07074029655731817 -8.409242498774383 -0.9899680527181518 -0.01057504243526058 -0.14089507824943254 79.13586291355175
-0.15494479752806348 0.07089630439182533 0.985375980904022 114.39925209481316 -0.00026183703846601933 0.9974187317496221 -0.07180393440707991 -8.508272092149511 -0.9879230947600846 -0.011383654007043246 -0.1545262801632643 78.96224225770607
