1.0 0.0 0.0 0.0 0.0 1.0 0.0 0.0 0.0 0.0 1.0 0.0
0.9999984048127445 0.0008146451692761505 0.001589567618791951 -0.00566729439057109 -0.0008074265357430916 0.9999893834898121 -0.004536625403861093 -0.004824246205006459 -0.0015932464831011975 0.004535334708018309 0.9999884460856188 0.9738095425993051
0.9999972782403459 -0.0012082572777961443 0.001995902365104872 -0.002327241582446661 0.0012188477870017896 0.9999851406705581 -0.005313459151669861 -0.0033682542421116686 -0.0019894526816438118 0.00531587739089191 0.9999838916330567 1.9394246304813256
0.9999941495148362 -0.002890241772371399 0.0018296006660335749 -0.001027208410155939 0.0028924100830744685 0.9999951165234566 -0.0011835933209027021 -0.004245555608800401 -0.0018261708603640602 0.0011888783517219853 0.9999976258313086 2.9183187536846957
0.9999842741886618 -0.00531291411095908 0.0017956388905481853 -0.009448498404793417 0.005304262783477198 0.9999744654417123 0.004788868434722695 -0.0046816773217597755 -0.001821035886384635 -0.004779268585341465 0.9999869211245165 3.893307972343344
0.9999600204083305 -0.00893123820679128 0.00043654216858178834 -0.0017002625957745756 0.00892906331584409 0.9999488385437335 0.0047531172234118475 -0.0022881732327085483 -0.00047897105659581383 -0.004749029283062801 0.9999886085889159 4.855322315559965
0.9999352192727767 -0.01132702884344975 -0.0011205692668849764 0.010014769621831916 0.011328637112693506 0.9999347928673242 0.0014394424446953372 0.009996308014316377 0.00110419159168659 -0.0014520437191511823 0.9999983361635995 5.82162287656057
0.9999314617715775 -0.01151208328858582 -0.0021315951095282233 0.008534046383882443 0.01150775613658213 0.9999317204259424 -0.0020312643149004734 0.014262823980891815 0.002154833649096372 0.002006595218940463 0.9999956651243908 6.766468671463924
0.9999369699270682 -0.010804091274701577 -0.0030541422363472618 0.0033951565736402437 0.010795901091951452 0.999938116255712 -0.0026855499607162502 0.012897752722714416 0.003082968161488474 0.0026524084728019805 0.999991729984108 7.627564593815895
0.9999354868805987 -0.010541094382018067 -0.0042317143202438064 0.00096465733180412 0.01053729044689445 0.9999440578033841 -0.0009202030979081384 0.012596945587735716 0.00424117753655499 0.0008755529298550888 0.9999906228661202 8.509399037893523
0.9999331446068849 -0.01046210566884703 -0.0049244960716418006 -0.009072706036544607 0.0104730449404443 0.9999427340936266 0.002200877788438327 0.010197081296672014 0.004901188249924006 -0.0022523051165559576 0.9999854526318875 9.406430725897273
0.9999234863835814 -0.010834245202525196 -0.00596996728588669 -0.01773121422826984 0.010856873804551226 0.9999339512734031 0.0037711247596917837 0.009084368650284027 0.005928715686813858 -0.0038356513987386526 0.9999750687435425 10.328739480884693
0.9999030466708078 -0.012303648883166237 -0.006520543121194154 -0.025624482780890422 0.012334493816669297 0.999912827166126 0.0047115104725941786 0.011544498469486346 0.006462005936407763 -0.004791481274778056 0.9999676415697017 11.268692434599858
0.9998913675866874 -0.012952320655957158 -0.007034942448180086 -0.04145565500245413 0.012986846306412149 0.999903737451827 0.004884429637363166 0.014442608429923951 0.006971000547809236 -0.0049752607463330305 0.9999633252934172 12.188269105440364
0.9998744250291903 -0.013700294012806577 -0.007964679309828308 -0.04970534234018254 0.013726893200495369 0.9999003539674288 0.0032946227209413774 0.021103824084665244 0.007918748361196258 -0.0034035393010516265 0.9999628539823959 13.11051902418972
0.9998542692889031 -0.013939612488062263 -0.009855322847832916 -0.05505598088726224 0.013949497796822887 0.9999022638559611 0.0009350117337067478 0.03179307256743819 0.009841325925339903 -0.0010723522781347892 0.9999509979817126 14.037355626137202
0.9998147794865984 -0.015280106574318225 -0.011701498333176307 -0.059830918081936635 0.015271742884501855 0.9998830570657321 -0.0008037799183367543 0.03966079197662292 0.011712411768440435 0.0006249287678998796 0.9999312120714113 14.94040029954667
0.9997982911233758 -0.01504053038299646 -0.013310128195270495 -0.07740153492739715 0.015024519771403767 0.9998862777404762 -0.0013020721696450634 0.03795345759725774 0.013328198393446039 0.001101831245900636 0.9999105685487529 15.852918989812856
0.9997937739220515 -0.013633261751542362 -0.01505137205421878 -0.0926040614985637 0.013606286153910793 0.9999056379523757 -0.0018931899405901387 0.03317646729000395 0.015075762129937702 0.0016880062402751543 0.999884929394945 16.754744830002466
0.9997823840412222 -0.011929926572683467 -0.017113194115050693 -0.1008659974631837 0.011898822485772759 0.999927366581192 -0.0019182245581944085 0.032497473410086894 0.017134835403384632 0.0017141802629784216 0.9998517185071617 17.641339443103746
0.9997624737575519 -0.012142938207290505 -0.018098207587303437 -0.12739824552330295 0.012123136313459125 0.9999257878822444 -0.0012034508710836766 0.03072961097607751 0.018111477910553942 0.0009837579823100827 0.9998354897622544 18.53099304546132
0.9997520541658278 -0.011818813458847197 -0.018871826610895252 -0.15860461013330818 0.011815383766879354 0.999930152922435 -0.0002932285085650961 0.03661168273119337 0.01887397408200176 7.017792998814316e-05 0.99982186822324 19.419695825251516
0.9997335413657746 -0.01136101989634385 -0.020094115933781707 -0.1807852274798865 0.011366236225162826 0.9999353916791301 0.00014540144323531878 0.035579941184582714 0.020091165778002365 -0.00037375716820456254 0.9997980822962504 20.289771724414933
0.9996904367027686 -0.012222781965180268 -0.021671049029945367 -0.2020145599619982 0.012223603406597314 0.9999252844974788 -9.456423902899969e-05 0.035588736813943596 0.021670585704702355 -0.00017036334333566394 0.9997651507686924 21.146404353908952
0.9996525312119549 -0.01242793451722908 -0.023245715415232012 -0.22985048977085273 0.012414511162145552 0.9999226765536113 -0.000721683080209397 0.037771721994822385 0.023252887006465512 0.0004328481243696587 0.9997295213648366 21.990766284319328
0.9996382951943544 -0.01205084055091614 -0.024042795655659185 -0.25901229558806405 0.012052459035207389 0.9999273634670263 -7.759566778886451e-05 0.0345594541700558 0.024041984363359865 -0.00021220720866880807 0.999710927196443 22.83857806238108
0.9995993889491527 -0.011736776446217954 -0.025754799380520756 -0.2752548934521634 0.011787740824770222 0.9999288514473906 0.0018278975221220554 0.037060015161168414 0.025731513339238482 -0.002130756146266458 0.9996666189783058 23.65138624647252
0.9995560538070242 -0.013025626032422726 -0.02679605127983661 -0.29760023790788975 0.01316380206582159 0.9999009188954482 0.004986652906614836 0.0345474519124506 0.026728442021563263 -0.005337177016234634 0.9996284834520256 24.474913784001224
0.9995472911189112 -0.012237220691801968 -0.02748569167013486 -0.3285010952250205 0.012421417123276593 0.9999014581651843 0.00654082225631306 0.034591793733762186 0.027402941694190303 -0.006879272409144539 0.9996007975175015 25.28165245524558
0.9995459743930651 -0.011425483605034772 -0.027880161387791765 -0.3557194596102519 0.011581525574667973 0.9999181240172332 0.0054418312377168395 0.03419714404411009 0.02781570311859074 -0.005762255309124902 0.9995964601146656 26.085674927136537
0.9995458095689316 -0.010005063771323545 -0.028426629629988192 -0.38492999127585315 0.01008657394311865 0.9999454150117589 0.00272543997387323 0.038661551421341776 0.02839780976200077 -0.003010929406833228 0.9995921661882048 26.872079823854126
0.9995231631715622 -0.010007711929407517 -0.029211162001051897 -0.4053234141669349 0.010039199468387975 0.9999491721325683 0.0009314641300407363 0.039758707204950255 0.029200355435296324 -0.0012242766556711739 0.9995728289570109 27.6675673109952
0.9995138297384184 -0.009322892851537291 -0.02975210632068775 -0.43317212812979383 0.009341981928882588 0.9999562363940817 0.000502663132312701 0.041451478050605554 0.029746117986708696 -0.0007803623920403123 0.9995571817056076 28.45725410355519
0.9994600675139609 -0.01006004014333301 -0.03127889124156955 -0.4573551996594555 0.010064444669404371 0.9999493520559127 -1.662700269140622e-05 0.03791673741333428 0.03127747429834955 -0.0002981866449886618 0.9995106956337384 29.216430091477328
0.9993896198272487 -0.009880601024019347 -0.03350763353252102 -0.4834909739250086 0.009861285918361596 0.9999511012987049 -0.0007416545987336842 0.034389518500355876 0.033513323045945696 0.0004107735527596435 0.9994381864044946 29.981716093359243
0.9992908952115149 -0.010435385477939851 -0.036177471958312474 -0.5102444872268814 0.01041082976055322 0.9999454299122894 -0.0008670762500142306 0.03231840983574352 0.03618454602540242 0.0004898239003680921 0.9993450048414114 30.742629285120596
0.9992157764739118 -0.01053237479223313 -0.038169374200688104 -0.5430017214448329 0.01054635345894099 0.9999443720722765 0.000164892994101585 0.03702442224203828 0.038165514202684526 -0.0005673113927634535 0.9992712703182387 31.522141326943068
0.9991380516110248 -0.010836847331491727 -0.04007139332290594 -0.5784611372504982 0.010947057910468535 0.9999368735769084 0.002531952673562448 0.03508751845811818 0.0400414253746035 -0.002968434124293625 0.9991936111949564 32.265405230839214
0.9990630278828966 -0.010050555225894727 -0.042095755808746485 -0.6085684415639605 0.010229400425497049 0.9999395361063964 0.004035281682632911 0.03830242269471644 0.04205265371404304 -0.00446211507859334 0.9991054317961795 33.02966123189674
0.9989901687272752 -0.00904627726286387 -0.0440091769286063 -0.6504006020300619 0.009234294288540643 0.9999490768966369 0.00407080121780657 0.046487762829619694 0.04397011024824262 -0.004473084086587089 0.9990228330341155 33.75707731415847
0.9989354037971921 -0.006537382932744867 -0.04566532234563981 -0.6887365005179115 0.006701870951705285 0.9999715912936773 0.003449859611054992 0.04322025000453446 0.045641471999566766 -0.0037522300009414345 0.9989508380314475 34.46232942244943
0.9988591598184472 -0.004970729400286732 -0.04749390167185242 -0.7239570217511033 0.005113710068934293 0.999982750300276 0.0028894759428822535 0.04234911666525097 0.04747871961328947 -0.0031290495558154077 0.9988673486668578 35.1429378263307
0.9988168123302428 -0.00433405844634169 -0.04843749935573401 -0.7717188548581445 0.004528838401710316 0.9999820918415472 0.003912239631278794 0.046376535377764705 0.048419676054102745 -0.004126976324751096 0.9988185536108292 35.83673970529732
0.9987664933064165 -0.0028686064229487464 -0.049570787219840866 -0.8114395721490284 0.0031560333234005823 0.9999786545011464 0.00572101352355704 0.050116865334880606 0.04955331777051995 -0.005870403671414757 0.9987542275548408 36.50390492759533
0.9987923958215463 0.0001000203415004743 -0.04912982846486599 -0.8579289614014648 0.00020932257159719616 0.9999801879672073 0.0062912524292609235 0.05179717530680654 0.04912948435631004 -0.00629393906857604 0.9987725867773318 37.166987213187014
0.9988361279589029 0.003499998114046838 -0.04810550381471959 -0.8973713660530018 -0.0032939500578763954 0.9999850619203017 0.004361860757235193 0.05182458582398612 0.04812005171529399 -0.004198326982378033 0.9988327360842079 37.80524316211823
0.9989349598345626 0.005303496694014908 -0.045834691480763336 -0.938651704740463 -0.005266553585865929 0.9999857021904615 0.0009267297213929629 0.057403500926948264 0.04583895105308816 -0.0006843518582421767 0.9989486084022965 38.41874927176672
0.999026905702036 0.006034386245285212 -0.04369013465369724 -0.967500252490304 -0.006083735630004615 0.9999809972388998 -0.000996655345912873 0.06377493751846025 0.04368329021719558 0.00126148473515101 0.9990446330430194 39.026989030619816
0.9991631159460711 0.007353325623789498 -0.04023675353713531 -0.9990545870650435 -0.007368648485704897 0.9999728241068933 -0.00023252349822317484 0.0638764221262863 0.04023395024642486 0.0005288193960363905 0.9991901468677584 39.620358927954506
0.9992339799389128 0.012029109659683075 -0.03723914413939662 -1.0285705829468033 -0.01194083225173761 0.9999253460739094 0.0025920656063294647 0.061144047189575224 0.03726754433250622 -0.0021454136587085843 0.9993030207798114 40.209910004268494
0.9993076362113006 0.016432197691708908 -0.03338010019161787 -1.0586045459251439 -0.01623603622678776 0.9998493393424293 0.0061391973538240325 0.06257219352419399 0.03347595162835989 -0.005592986279919675 0.9994238736227221 40.78793410893439
0.9993549609301128 0.021208963729546667 -0.02898002625758398 -1.07644597004953 -0.021015045046086655 0.9997547953428111 0.006979761511994723 0.06703500077066628 0.02912095372892915 -0.006366242735881114 0.9995556217676652 41.36095516442135
0.9994099913740153 0.02487800249578154 -0.023680247752287203 -1.0974499551915846 -0.024711536448200976 0.9996679943341908 0.007296647875939804 0.07215819803037303 0.023853911799934346 -0.006707167485319172 0.9996929552598455 41.92965963017882
0.999425746927858 0.02870130718984858 -0.018011422578090398 -1.1130774485413446 -0.02854025922824648 0.9995508952207458 0.009135724743570831 0.07792315509917963 0.018265540804396737 -0.008616427856122417 0.9997960427957904 42.476981391562745
0.9993877240426193 0.03291134761321103 -0.011875193943484186 -1.1225690154825871 -0.03278946553728191 0.9994090371132476 0.010316369814537025 0.08007021681299287 0.012207701777663473 -0.009920672086773738 0.999876268486583 42.99343109715068
0.9993320752379314 0.03626782869114199 -0.004477499601288764 -1.138614360446216 -0.036221143547321484 0.9992927482024385 0.01010109648211335 0.07831899652729998 0.0048406777184533956 -0.009932169553857588 0.9999389580605299 43.49377975266379
0.9992139092012203 0.03952337713636407 0.0030767382977092 -1.1432725975300806 -0.03955303936748026 0.9991647471145062 0.010264755252730342 0.08048075583007404 -0.002668470650101744 -0.010378380574087208 0.9999425825921445 43.98424580870665
0.9989909137546495 0.04380786393311916 0.009900772357096113 -1.1347453736910507 -0.04390359533479676 0.9989889926452692 0.009667827587841503 0.08731871927188672 -0.009467235727928293 -0.010092751419068133 0.9999042493241357 44.46189690768765
0.9986836370008534 0.04821162868696228 0.017510912200601074 -1.1344738789633304 -0.04833932354293278 0.9988068369552651 0.006943504218304926 0.08976615644264252 -0.017155261180124184 -0.0077808296966643264 0.9998225621094335 44.895782496807264
0.9984409149970627 0.0499752559392418 0.02486389055708298 -1.1061082207125594 -0.05007704980793515 0.9987392667863768 0.0034879881798867292 0.09989337242112842 -0.02465823072243462 -0.004727660395671184 0.9996847607545197 45.32791949153825
0.9981744393372612 0.05081347729564543 0.03264627358318795 -1.0909567544201688 -0.05095267420266319 0.9986951251792509 0.0034455674128852057 0.09741966618593478 -0.032428593021292376 -0.0051026922623707855 0.9994610291984044 45.71539123175602
0.9979147444245896 0.05025146292240712 0.040508682207204466 -1.0724198192766394 -0.05048406919531369 0.998713622255302 0.0047391432954652785 0.10333152723453769 -0.04021842385634975 -0.006774304086045402 0.9991679474375964 46.102173631489364
0.9975235136111942 0.05159688297786976 0.04779750474393479 -1.050339013575704 -0.05191476949859432 0.9986367430724262 0.005432503437912695 0.10314183134235985 -0.04745204422030876 -0.007900446358481096 0.9988422730574877 46.453085342084655
0.9969719441756415 0.054521407168656534 0.05544689970586111 -1.0194474217035383 -0.05491409610303388 0.9984754775140354 0.00558236977488641 0.10342901571395718 -0.05505801100501965 -0.008610282426638966 0.998446031821802 46.80278426711536
0.99617200722143 0.05892249237971875 0.06457144818098483 -1.0008083190933854 -0.05936223548629289 0.9982244260083126 0.004911244082999106 0.10435733048899701 -0.06416741405493334 -0.008725549388726408 0.9979010009822447 47.13629741797883
0.9953392943319226 0.062479400019270166 0.07345756415824431 -0.979908033168068 -0.06300323004245773 0.9980016189682644 0.004833377797979309 0.10267923284106695 -0.0730087814105085 -0.009438914659701012 0.9972866311783174 47.430729326688336
0.9946710054408734 0.06202354222055402 0.08235697387384698 -0.9333909557349721 -0.06268150864573917 0.9980188344841999 0.005425356088916254 0.10399877763886554 -0.08185731127477977 -0.010558703765747803 0.9965881267432645 47.721353600800384
0.9938678638020358 0.0606926964874933 0.09242870709176496 -0.8853723652557735 -0.06129676193078914 0.9981126976939622 0.003708055943529775 0.10198767764687064 -0.09202921426578702 -0.00935089809362916 0.9957124004583162 48.004397863736365
0.9927716244991074 0.059638435373318165 0.10415257373500786 -0.8482155081371755 -0.059887010583376976 0.9982048866858559 -0.0007417276205289447 0.10207002820605532 -0.10400984353795502 -0.005501020150786229 0.9945610545484418 48.27478072100157
0.991284672401973 0.06055008179804773 0.11699737541997611 -0.8009792345404784 -0.060410028890659766 0.9981623631880964 -0.004746064072851214 0.10424430147512892 -0.11706975130383784 -0.002363114259597255 0.9931208833876425 48.53332616236117
0.9892522855372627 0.062122843278743727 0.13236565983013726 -0.7596135368350864 -0.06175560804052453 0.9980675754507963 -0.006881839093764857 0.09892262797660961 -0.1325373925911012 -0.001366446754289113 0.991177064095219 48.78452357018121
0.9868557568299212 0.06361086253339186 0.14855764328839624 -0.711163091908811 -0.06308066882374264 0.9979740602107946 -0.008282775327664674 0.10122210211008902 -0.14878354893063053 -0.0011972109828766444 0.988869062239014 49.04114953065793
0.9840780368642956 0.06403639717332242 0.16580035343260144 -0.6684463011231925 -0.06332103189594131 0.9979470122753614 -0.00960247938350238 0.10479381661179601 -0.166074875525914 -0.0010490604073174973 0.9861125874824395 49.314780403373966
0.9810232966937126 0.06302616258355272 0.18336028516064445 -0.6013036683679087 -0.06208601378762513 0.9980116146750319 -0.010869400429471139 0.10793402235266704 -0.1836807508591025 -0.000720974150183095 0.982985687566258 49.58057173572744
0.9774573941265369 0.06165337525133381 0.2019304434390201 -0.5196864482364095 -0.06061279864943249 0.998096951085394 -0.011338645153712692 0.10791465081029313 -0.20224522567231087 -0.0011565267644867492 0.9793342285137374 49.81317112790293
0.9730371425111726 0.06196970951148868 0.2221676718083776 -0.44978930410510265 -0.06061073990100735 0.9980776443707924 -0.012936538018372664 0.11014623525712236 -0.22254226003693134 -0.0008780149830057673 0.9749226490277795 50.056438390433605
0.9679185759907714 0.06392009268422467 0.24299763785526618 -0.37266565731379 -0.062076811625780354 0.9979549652464054 -0.015243254193950347 0.11102920229985089 -0.24347504946169699 -0.00033028969777751307 0.9699071044168808 50.30819492965438
0.9617603773949509 0.06535725680130766 0.2659800846990821 -0.2982029289147142 -0.06310345027534736 0.9978618426798519 -0.01702050195837282 0.09760515638114792 -0.26652379075134935 -0.00041461666210545063 0.9638282508084897 50.55502011419042
0.9544899307708617 0.0664239594191323 0.2907521791356379 -0.2053471760978457 -0.0639028019952574 0.9977907221481684 -0.018168838493115402 0.09547217199506432 -0.291316672976661 -0.0012379055375139538 0.956625874433515 50.81183488623977
0.9460799157272566 0.06936480856397259 0.3164195259309881 -0.10910153984052269 -0.06678431607671384 0.9975863876179968 -0.019006692648596182 0.08931991101566086 -0.31697420744229743 -0.0031500114533816797 0.94842892682803 51.04876649491423
0.9364652655584204 0.07151709969900287 0.3433920657983252 0.0005392573371277437 -0.06888604733238736 0.997426609580224 -0.01987136090499619 0.07393903852956676 -0.34392952604497 -0.005046082831245608 0.9389819051305196 51.280610215115516
0.9253970934145537 0.0720716768603859 0.37208318007460256 0.11897853819744518 -0.06931824988531032 0.9973779301818961 -0.020790493474460967 0.05711446626765941 -0.3726059577257642 -0.006552692622611941 0.9279665201324115 51.514159691268645
0.913112945107009 0.07027086772223698 0.40160522236092683 0.25856578659119456 -0.06659331324659358 0.9975120895866167 -0.023129240354579195 0.05156408468624443 -0.4022313763356185 -0.005624613595891551 0.9155207718086187 51.74283569676773
0.8985255250454074 0.06719237909720659 0.43374769743842256 0.4025815646605263 -0.06219027692979379 0.997732588988886 -0.02573033860888251 0.041974052391403824 -0.43449309579931283 -0.003855523413213834 0.9006669110397789 51.96323550434332
0.8814525997509268 0.06673517450408038 0.46753366817400793 0.5580846264461651 -0.05967934272922094 0.9977695320952321 -0.029905465618628262 0.03368698149123356 -0.46848659579943225 -0.0015418516041048266 0.8834692593689314 52.18458985026986
0.8621374018037599 0.06864192173057296 0.5020033734868693 0.712545585090834 -0.059156659833423005 0.9976413099904241 -0.03481818774635669 0.025833439724671777 -0.5032092904631381 0.0003212191185657887 0.8641645137413714 52.405416638914474
0.8404724891192014 0.07071728215497199 0.5372197511618396 0.8835697583694175 -0.05878665090793377 0.9974953029399496 -0.03933510248829717 0.01816818269020156 -0.5386558499717629 0.0014787215256997944 0.8425245923258532 52.61734573824195
0.8165879343884809 0.07392527952373447 0.572467639660525 1.0893053121355902 -0.06003297269737599 0.9972634061036986 -0.04314789723223847 0.014082121072682495 -0.5740907485757542 0.0008671180922083055 0.8187912191187339 52.83662379467405
0.7898229167980042 0.07773512902764311 0.6083888639807187 1.2914165489173042 -0.0625753270512192 0.9969727291708377 -0.04614873491313725 0.0018807501251681576 -0.6101344839829373 -0.00162080372228135 0.7922962100440508 53.05068565375514
0.7603190364530609 0.08202111659081371 0.6443504475363439 1.5051249739531918 -0.06591272851806768 0.9966172885129438 -0.04908658122551502 -0.006680337292373452 -0.6461969320775153 -0.005149433978799194 0.7631533321052224 53.26864951217364
0.7281603976434606 0.0830766321215542 0.6803533703150583 1.7514224419330704 -0.06570380744409157 0.9965164091084927 -0.05136200993791753 -0.027098124158078843 -0.6822502803158582 -0.007302025256957138 0.7310822357546917 53.47506080525754
0.692136290847246 0.08055287582442203 0.7172576866709991 2.007297588035563 -0.06204627916704343 0.9967143711714218 -0.05206459009614752 -0.0485667884788965 -0.7190949965990179 -0.008467378388266028 0.6948601941178435 53.678497397890744
0.6539665043077475 0.0792124152879112 0.7523650739552984 2.3043614861119117 -0.059206055977061474 0.996811856207752 -0.05348613146689414 -0.06655399742557633 -0.754203191573163 -0.009566430259433432 0.6565714197503152 53.886347676805194
0.6124706744154175 0.0788434256162432 0.7865515795027183 2.6203388860983834 -0.057330878627800744 0.996823675948654 -0.05527865251590693 -0.08717101293336613 -0.7884115951309233 -0.011237139551781631 0.6150454319461328 54.084404176038454
0.5668138438165266 0.07860689821148445 0.820087203906697 2.956411163161124 -0.05397248722145602 0.9968422351293124 -0.05824541943812523 -0.10695570414355346 -0.8220760531003577 -0.011247836056903425 0.5692665887815416 54.28063759476218
0.5191053621720823 0.07739996370046123 0.851198489533058 3.3230154374868768 -0.050511633622775394 0.9969287595839471 -0.05984666392680297 -0.12463791803959058 -0.8532163839454491 -0.011928702091038948 0.521420663412444 54.47346195254249
0.47074422136625343 0.07527006188513422 0.8790530677007437 3.7048224250107604 -0.04835920323347311 0.9970575856433458 -0.05947737699060154 -0.14785501831540018 -0.8809433951809286 -0.014511674433600007 0.4729990970310938 54.650279887186954
0.4211471944181313 0.07344830691920189 0.90401348819829 4.099471242829235 -0.048290779613816066 0.9971177963498394 -0.05851581672271853 -0.16500792408439635 -0.9057058248890887 -0.019011744084642256 0.4234802384395686 54.807479708191735
0.3712198768275035 0.07351299208969014 0.9256304030455107 4.507725858395107 -0.05157058016781638 0.9969547461181001 -0.05849537976409284 -0.18355717380988434 -0.9271117938573137 -0.02602064923502241 0.37388052570849467 54.95061604036865
0.3225381183892679 0.07367513632769686 0.9436848713808048 4.934725184627786 -0.04992059924954171 0.996902807788982 -0.060767800626701424 -0.21088637537102176 -0.9452391739430159 -0.027509382209267307 0.3252170627965076 55.06754602659145
0.27544015219557155 0.07049190256327471 0.9587302093036865 5.384323889385282 -0.03896992319691431 0.9973068306334981 -0.062132364012560795 -0.23723192062493526 -0.9605280150232502 -0.020247894823236173 0.27744540924426997 55.16257140383392
0.23185636446385616 0.0645997231892245 0.9706026488844338 5.881139174717971 -0.02559591580730736 0.9978521315386646 -0.06029902717063042 -0.2621439063615645 -0.9724132225302097 -0.010862750462706095 0.23301185656699203 55.24030065498488
0.19026079120260384 0.06375250408276066 0.97966139535767 6.377134655839965 -0.015484568093168142 0.9979599970449562 -0.06193603514104924 -0.27872426242945497 -0.9816114605494002 -0.0033856345347749073 0.19085983861690198 55.29909772449048
0.15210962344894363 0.0656094924568378 0.9861835817705429 6.8957389735112615 -0.01175041554474786 0.9978438134490538 -0.06457284023465196 -0.29495511769665955 -0.9882937772690595 -0.0017659164760893806 0.1525525855246423 55.3611315822507
0.12018167475683864 0.06615550090388515 0.9905452108575348 7.423085179746795 -0.002774881808115153 0.9977956723340254 -0.06630306405012647 -0.32470692018170194 -0.9927480370585438 0.005219767393330934 0.12010032866219479 55.397149659897195
0.09147039022553008 0.06421796698413536 0.9937349850077807 7.937598158702678 0.004972329009227978 0.9978765676371892 -0.06494329607311165 -0.3576376409360864 -0.9957953824236244 0.010881565927779543 0.09095684617853847 55.42024744383888
0.06670881365436764 0.0623340016168602 0.9958234815584821 8.47226546308703 0.012320650924913404 0.9979190907121801 -0.06329052024557666 -0.38664240389640075 -0.9976964146180003 0.016491229020265136 0.06580200318978151 55.435915358428936
0.046735895603168535 0.061405331257844885 0.9970181248880506 9.014761753518817 0.016791176209694895 0.9979194607807782 -0.06224794130322498 -0.4120364018490639 -0.998766145032792 0.019650320305515338 0.04560759200205647 55.44710781170502
0.030735543404954355 0.06333652604285316 0.9975188273112572 9.570545491026927 0.019514551980725305 0.9977620776821979 -0.06395325324242145 -0.43751288277990996 -0.9993370345547055 0.02143177099823924 0.029430775716677706 55.457582448250236
0.017558938521145703 0.06324578286714191 0.9978435020721103 10.137490744712132 0.020862317387122083 0.9977569150548581 -0.06360740659267206 -0.46365555241683426 -0.9996281545611087 0.02193420638475744 0.016200098734925786 55.46428069997936
0.005374013126018947 0.06425821817154577 0.9979188350664295 10.698748235643224 0.020891565530868628 0.9977082229683946 -0.06435716207937653 -0.49705094168917957 -0.9997673041626182 0.02119394297104772 0.0040192423103423275 55.4690118660473
-0.003809743485455496 0.06718163292274093 0.99773348848899 11.297175961347412 0.025815935195293353 0.9974147981050141 -0.0670615986323149 -0.5267056295672419 -0.9996594536863862 0.02550193559249298 -0.005534251211224095 55.47478877598641
-0.01015601515630312 0.06909238977739154 0.9975585682209313 11.869133419624152 0.029990679267291518 0.9971822725169591 -0.06876099573881599 -0.561557166182626 -0.9994985815463814 0.029219121354968677 -0.012199525974902614 55.4533603417268
-0.014173352791331454 0.0682888028672295 0.9975649129122443 12.469728934364307 0.030538580074701668 0.9972292733389667 -0.0678319358624848 -0.5977884855318003 -0.9994330949081432 0.02950281001518662 -0.016219525379441848 55.42968613751143
-0.017885775000114075 0.06553173892460251 0.9976901774830518 13.08150363973074 0.028217653077316038 0.9974854126714233 -0.06501242621626492 -0.6315052009289706 -0.9994417757465656 0.026989677679349545 -0.01968995153146361 55.4293325010283
-0.020513344259499154 0.05858603850540661 0.9980715799979151 13.701033132465176 0.026284560107497072 0.9979681909054493 -0.058039743631896956 -0.6665405624109193 -0.9994440077399245 0.025043283194186666 -0.0220115733106276 55.42036705593417
-0.0222192908251999 0.05274569206981449 0.9983607539778904 14.32677534687382 0.027193535180238985 0.99826969490284 -0.0521356680496966 -0.6995622341999066 -0.999383217169281 0.025990540715106387 -0.023615186505935366 55.40639848840899
-0.022774408759840565 0.050040072029556196 0.9984875149429344 14.959551243569175 0.02972823340570981 0.9983388004465623 -0.04935455056518341 -0.7350941675457543 -0.9992985331942656 0.02855924918818218 -0.024224178863111137 55.3864011471242
-0.022023958377618946 0.05223224770930172 0.9983920760686231 15.60233417421547 0.03341782748455137 0.9981147232682847 -0.051480559449998554 -0.7682993799025106 -0.9991987760518869 0.032230288461422174 -0.023727925364428214 55.36261582941568
-0.02079649430185934 0.05953288678806228 0.9980096899406502 16.24266976237769 0.03407251085364855 0.9976879221172659 -0.05880369091696352 -0.8013224518030363 -0.9992029672838623 0.03278178536946684 -0.022776846118579976 55.33743853927062
-0.01840271588534001 0.06774089985281709 0.9975332127479137 16.888656988759134 0.034886148711244735 0.9971381582758021 -0.0670704848531418 -0.8285606967257323 -0.9992218455759136 0.033565812927285575 -0.02071326933127874 55.3230424671652
-0.01623097185076249 0.06843423539617756 0.9975235891839956 17.54965287323535 0.03558462535287667 0.9970625326322026 -0.06782359810235769 -0.8604222646964128 -0.999234852270111 0.034395660290154124 -0.018618500528485852 55.31417459941618
-0.014685289498541618 0.0639853584135878 0.9978427812942423 18.222787166483233 0.03473217040964996 0.9973808007097102 -0.0634445798653261 -0.8988245722905248 -0.9992887563717383 0.0337255434995155 -0.016869176170851676 55.314456517816055
-0.012681348160219626 0.057654615252739176 0.9982560436826307 18.915381766260182 0.034253615309775 0.9977754243593091 -0.05719171603306016 -0.9369067741121238 -0.9993327139882118 0.033468610438068855 -0.014628016553710758 55.32095092897655
-0.010126987525620329 0.05610160391245712 0.998373704662791 19.604733157914563 0.03243995714622895 0.9979177966525422 -0.05574693089742158 -0.9772839819830381 -0.9994223798294706 0.031822651721394646 -0.011925834705048701 55.32070231476519
-0.006287979284787544 0.061621371303960365 0.9980797903550265 20.276938985360278 0.04058485691294091 0.997292877084276 -0.061317099624158614 -1.0086395413728617 -0.9991563094460576 0.040121364827018384 -0.008771851489121598 55.30054267768148
-0.002721001464875245 0.06719890374090569 0.9977358886434069 20.9316812683467 0.04242201622066549 0.9968491483491139 -0.06702348823670978 -1.0430813999475417 -0.9990960758059244 0.0421435970422991 -0.0055631409774242885 55.291493192035745
-0.00047188906067448125 0.06786367920781324 0.99769449149782 21.6008270400593 0.036260694408224096 0.9970396445410215 -0.06780198562389893 -1.079954891364291 -0.9993422533655543 0.03614510005366461 -0.0029312762344890306 55.30299643241757
0.00253092775911052 0.06436260407757625 0.9979233686015331 22.284535360701966 0.0319741681590899 0.9974111086873483 -0.06441065779515984 -1.119661223411245 -0.9994854911279141 0.032070788319348724 0.0004664347362896023 55.318073778529275
0.007002466108886092 0.060442671265100466 0.9981471078747526 22.977015581386418 0.03583375940575427 0.9975153207508393 -0.06065580396134554 -1.1682736137040046 -0.9993332312873615 0.03619210352668144 0.004819179086698626 55.32471318007791
0.010429670037621176 0.061427857264085374 0.9980570326062784 23.649458238344202 0.04056748305296715 0.9972635932453656 -0.06180295224408851 -1.2107345051824658 -0.999122365529693 0.041133246155407824 0.00790915665954169 55.328897131111326
0.01342693644288067 0.06591748070067459 0.9977347358470765 24.310626454803867 0.040638792216489646 0.99696426186371 -0.06641347102605426 -1.2498283201899625 -0.9990836831541889 0.0414384640716831 0.01070736897823922 55.338350996493574
0.01731219277476993 0.06704815236119592 0.9975995355082516 24.978636158141555 0.03702662723429462 0.9970216914995174 -0.0676518703000102 -1.2830372803840955 -0.9991643092389649 0.03810894835057866 0.014778064779641572 55.34963186413578
0.020494641493700495 0.06695396896895518 0.9975455557062791 25.668860847480893 0.03620835317261532 0.997050875146395 -0.06766466973488675 -1.3203074213744637 -0.9991340875130663 0.03750624493479374 0.018009907282370376 55.375137274758906
0.024376697522868546 0.06393656555326774 0.997656199400942 26.374662773184138 0.04055131217963952 0.9970681605047833 -0.06488970941614906 -1.361666667454012 -0.9988800567127093 0.04203806480864596 0.021712517328864447 55.38667894680361
0.02809527313797612 0.06448575629620701 0.9975230537998656 27.059107262762133 0.04512842934489615 0.9968176679201237 -0.0657111998607828 -1.405440923939946 -0.9985860406054965 0.04686282276162648 0.025095723752211627 55.39705846407437
0.03128195805732409 0.06479554650168293 0.9974081292297797 27.748580534767648 0.04759605008099336 0.9966678728850111 -0.06624022324502182 -1.4579165949221637 -0.9983767100232174 0.04954481115527009 0.02809371052035285 55.42588929286498
0.03400291352843243 0.06481008138275822 0.9973181314017804 28.4355004922149 0.04810319642087458 0.9966325211173309 -0.06640557465607287 -1.4972961202291433 -0.9982634343527105 0.05023217298175726 0.030770837360369466 55.447971377880464
0.03731308766704219 0.0632794548987041 0.9972980718303205 29.132256229982783 0.0493526774339575 0.9966585215253292 -0.06508536472234294 -1.5394575070134797 -0.9980841881919819 0.05164786596427733 0.03406539626196778 55.473048609477104
0.04109954943047394 0.06217490059630299 0.9972186865339278 29.828057438749095 0.051811112085546236 0.9965866080146005 -0.06427084401505528 -1.5840427741511245 -0.9978108215994987 0.054308511872347184 0.0377379098141426 55.49726203648932
0.043580535325296293 0.062335295862252706 0.9971033285625548 30.50704923108174 0.049624054367194345 0.996684521653487 -0.06447803908709603 -1.6260611472493987 -0.9978167117105815 0.05229029724644147 0.040342714893233184 55.53405601040715
0.04664334872413406 0.0642130669584899 0.9968455647950608 31.186586521274204 0.046716614408589215 0.9966995445955683 -0.06638957554602383 -1.665219988690578 -0.9978185987232316 0.049665881999285434 0.04348958734266495 55.57070336758733
0.049488414737960076 0.06421293355687822 0.9967083806062554 31.89114089915661 0.04837574641797495 0.9966058024578068 -0.06660827025175606 -1.708506082723957 -0.9976024679025319 0.05151284957607616 0.04621409269178859 55.604332059182845
0.05202754337767584 0.0634545268378917 0.9966276424793082 32.60349043165474 0.045965590450981024 0.9967693884907067 -0.06586312065451487 -1.7602663060824248 -0.9975872389042333 0.04923727441317333 0.048942737804349296 55.65121878782213
0.054239619727404396 0.06391655103326198 0.9964801744921169 33.31635280315497 0.04408497890157643 0.9968228364654014 -0.06633812882736377 -1.8028658719022195 -0.9975542984154134 0.047527962349349015 0.051249531781714076 55.69389217681792
0.05641708762766589 0.06362564792671944 0.9963778847151907 34.06522202949564 0.04078734244423813 0.996987371661497 -0.06597403613417607 -1.8559805784631807 -0.9975738092592155 0.04436166896547676 0.05365200282048031 55.75450497209633
0.05986817510720503 0.06589598925131936 0.9960288751888289 34.80376489919162 0.03913777729993273 0.9968964575521653 -0.0683058365585383 -1.896144553873907 -0.9974387379670726 0.04307170208537352 0.05710334913220952 55.79691768634671
0.06366962700390039 0.0687923798819267 0.9955972012151125 35.56379395960016 0.03851703608998448 0.9967086477197514 -0.07133238739522851 -1.9481663675363214 -0.9972274647882601 0.042889159829042615 0.06081038925325142 55.839718089725956
0.06702135099296874 0.07041784708998734 0.9952635155185229 36.26768611768709 0.038884504301654396 0.9965642161087356 -0.07312836998587867 -2.0004505938385164 -0.9969935475399453 0.04360149060282735 0.06405291703677346 55.887123194558946
0.06904024740498797 0.07259385629750807 0.9949691333232982 36.968351102225206 0.032634062023135145 0.9966508245857291 -0.07498100991886053 -2.0467477135285352 -0.9970799678231038 0.0376465918834519 0.06643998709687353 55.95560162609906
0.07185428599123893 0.07210156184250112 0.994805672664044 37.69650208525594 0.028840782114597705 0.9968165288211146 -0.07433045914050183 -2.091915181985471 -0.9969980796730258 0.034031935720611584 0.06954607450748561 56.017060244083126
0.07525579912966379 0.07251787410702837 0.9945238673015105 38.452965713501 0.03039147884304766 0.9967219648681886 -0.07497788182541257 -2.1494067815318045 -0.9967010197200972 0.03586757148582034 0.07280518253957863 56.083334038229815
0.07966802022935518 0.07374183832233039 0.994090110519956 39.21225080012892 0.029660837047574325 0.9966430057877141 -0.07630828107134643 -2.2024892148714597 -0.9963800686978667 0.035564874458796567 0.07721333049647472 56.137162347757425
0.0835423792819663 0.07468826795101297 0.9937013301261027 39.97672293534449 0.026119030102772643 0.9966805616421744 -0.07710806904031625 -2.249875937396057 -0.9961618679363268 0.03239630650419469 0.08131428038473823 56.203958568756086
0.08745693391761312 0.07283813909702418 0.9935018320076783 40.748519221028594 0.025084490342059007 0.9968460070516383 -0.07529147740269351 -2.3003978124141238 -0.9958524253392177 0.031506248873581055 0.08535398776803976 56.276740529025
0.09225567289108554 0.07247491927601603 0.9930942940604119 41.5363187545505 0.02579327515035992 0.996839022552978 -0.07514432827989784 -2.360108150702695 -0.9954012245202551 0.032547644946362385 0.09009468925533154 56.34855821613041
0.09685137327926126 0.07609629169717833 0.9923855933475956 42.30002989957264 0.022478709479027813 0.9966514157040882 -0.07861719401753176 -2.4164419210110037 -0.9950449834625922 0.029921730647992792 0.09481651185816961 56.43330443245431
0.10247842242832457 0.0849190988826466 0.9911038893988668 43.05534172368949 0.021001317613828063 0.9959426620937787 -0.08750519116050418 -2.468485499459028 -0.9945135080003069 0.029781881513982884 0.10027921987332283 56.532935191582226
0.10956462111409518 0.08964210439932346 0.9899292332884132 43.817592812869925 0.01923632511618267 0.9955472782742935 -0.09227990310282291 -2.5305275212212983 -0.9937935185923386 0.029153213193455037 0.10735237568096848 56.628709620237444
0.11673651902537784 0.09260041654106134 0.988836562826365 44.58495849355925 0.014995260155984902 0.9953660316823708 -0.09498213066539951 -2.5947961970315383 -0.9930497103864859 0.02591574481482296 0.11480699835811914 56.73890455269107
0.12406513955776054 0.090814540996776 0.9881095892106597 45.346594844969104 0.01127342376964173 0.9956098165572792 -0.09291933647678793 -2.662269208359441 -0.9922100337443756 0.022667428577625427 0.12249668003115408 56.841112106163436
0.13172456113253447 0.08922198176322675 0.9872629224095697 46.100746737130436 0.011357565630289253 0.9957399881389583 -0.09150345197847351 -2.7235003053909854 -0.9912212899738313 0.023266155489593942 0.13015006842618004 56.941175960542985
0.13894239765552 0.08608196115710615 0.9865520290877122 46.87369873720119 0.010948183622109375 0.9960204459813368 -0.08845003370553868 -2.7854757961397225 -0.9902399443615183 0.02309041252297583 0.137447027761269 57.05586367024829
0.14620055926352848 0.0807494663052703 0.9859538123880072 47.66338667816682 0.008401410298898486 0.9965256925331997 -0.08286109114784204 -2.8498701204334 -0.9892192945833657 0.02039774038063483 0.14501420417098224 57.18326283037267
0.15329745452072513 0.07338806872932552 0.9854512072171032 48.49926874724346 0.006219043363533502 0.9971470777524248 -0.075226516797184 -2.9119900881442184 -0.9881605203291107 0.017660597327797907 0.15240370522043373 57.325435037843256
0.16045584056325105 0.07030452334865919 0.9845360314512916 49.335195804563114 0.00589896460700597 0.9973739851975449 -0.07218265628062 -2.983516080377966 -0.987025392502998 0.0173898719914483 0.1596197572558465 57.47683812965442
0.16792578366009175 0.07205741406834831 0.983162580787088 50.12686685430232 0.004797549032890473 0.9972534068343647 -0.0739095804380142 -3.0493722283102027 -0.9857879664032284 0.017128094903671242 0.16711886087318192 57.6077181067133
