1.0 0.0 0.0 0.0 0.0 1.0 0.0 0.0 0.0 0.0 1.0 0.0
0.9999997224077471 -0.000479439920157811 -0.0005703698722811651 0.02471432445982008 0.00048042724554987634 0.999998384420414 0.0017321507510060612 -0.026845092189972483 0.0005695384885854894 -0.0017324242914011148 0.9999983371646098 1.480646261985194
0.9999979246703796 -0.001795278258607789 -0.0009631359762556847 0.011819328168604584 0.001797183102275524 0.9999964237806276 0.0019805450895165706 -0.05248590205419118 0.0009595769023307854 -0.001982271910934411 0.9999975749021792 2.9040242596600074
0.9999941661379457 -0.003223846651941623 -0.001128938811568553 0.009932912945245459 0.003224648942495523 0.9999945490660723 0.0007095613709971255 -0.06568303141811335 0.001126645140747486 -0.0007131976628588415 0.999999111009515 4.331900180210713
0.9999933036867855 -0.0035228944711166617 -0.0009908562626265143 -0.003212897768894968 0.0035235951759398534 0.9999935426761214 0.0007063165697218452 -0.08289532555783437 0.000988361585608385 -0.0007098032163519361 0.9999992596601108 5.754498161051187
0.9999922313045699 -0.003861045474478384 -0.0007935101456651377 -0.00846300803515486 0.0038621775068281446 0.9999915192101192 0.0014300673915140245 -0.09936253106040904 0.0007879818608421268 -0.0014331209587920709 0.9999986626235577 7.178945966698168
0.9999867686595545 -0.0050730014433077895 0.0008527380479672782 -0.04319101231972571 0.005070476446415915 0.9999828303057569 0.0029375776237622504 -0.12209444757322802 -0.0008676257422408956 -0.0029332149674854533 0.9999953217268196 8.12527918784062
0.9999873561383622 -0.004994264371830602 0.00058727062936487 -0.04548427590524415 0.004992239984502831 0.999981760370176 0.0033994803870579745 -0.13359334741500187 -0.0006042378215458014 -0.003396505608580697 0.9999940493054474 9.048400927101241
0.9999930277035709 -0.003710486349888508 0.00042051788445146744 -0.0494840153524769 0.003709947788859772 0.9999923061513645 0.0012743333477906712 -0.14442959475423675 -0.0004252430455427134 -0.001272764363365231 0.9999990996192083 9.960530859803963
0.9999994117343173 -0.0008134372634114003 0.0007175310693307651 -0.05806636830062821 0.0008142799498879565 0.9999989782599998 -0.0011749157935455198 -0.1555541550034276 -0.0007165746159127526 0.0011754993735460678 0.9999990523605723 10.867047057084058
0.9999967663770802 0.0024629819923630476 0.0006332101434760037 -0.054016480310327276 -0.002461683347773728 0.9999948819878102 -0.002043554081409857 -0.1671015389893106 -0.0006382401396017146 0.002041988710460713 0.9999977114631966 11.84807760333173
0.9999862947420864 0.005168235132606548 0.0008364649451818191 -0.06413057540818089 -0.005166363260823263 0.9999841794941104 -0.002224736422734906 -0.18634172497315385 -0.0008479496728240062 0.0022203844503866994 0.9999971754331333 12.87677666598387
0.9999804483560137 0.0061201723311742505 0.0012831197684240931 -0.07233445229964516 -0.006118682102119608 0.9999806053953282 -0.0011621370525923584 -0.20955740364947595 -0.0012902073618577847 0.001154263328940475 0.9999985015194428 13.941771362543545
0.9999926346706444 0.0035970620766931642 0.0013385622425768063 -0.06768428633387702 -0.0035993420209561996 0.9999920691902113 0.0017047855288066193 -0.22893418628856105 -0.0013324194073197097 -0.001709590915827125 0.999997650975953 15.065792043544258
0.9999983522132588 -0.0008342839063157638 0.001612309253215833 -0.061672511770103966 0.0008284715798851839 0.9999931685771106 0.003602281770789446 -0.24609278927616765 -0.0016153035645568644 -0.0036009400826030663 0.9999922119821316 16.18042014661384
0.9999931197330487 -0.0033927085849281783 0.0015000050062173693 -0.07698093521642428 0.0033906922274527557 0.9999933474187376 0.0013447395628442855 -0.2646413420288213 -0.0015045573367715216 -0.0013396442553614174 0.9999979708281861 17.511595647004505
0.9999904824622217 -0.004101078752137895 0.0014886698888860607 -0.08592131966024932 0.004101966377507489 0.9999914106643824 -0.0005936912509451117 -0.2855244278510131 -0.0014862223276261766 0.0005997920742975929 0.9999987156955057 18.809480120464734
0.9999962807983218 -0.0019241395890447766 0.0019328932618399694 -0.09003123683686025 0.0019282601848408046 0.9999958676928254 -0.002132231211102156 -0.3083506875870003 -0.001928782564044985 0.0021359504020225717 0.9999958587482756 20.069717995123057
0.9999968370591189 0.0007967801441478451 0.0023855844474752023 -0.092887926121525 -0.0007961943630112112 0.9999996526585517 -0.00024648999334291765 -0.32495504352963245 -0.0023857800171952536 0.0002445898248200384 0.9999971241106284 21.338535979421312
0.9999949135714289 0.0013221750322133913 0.002902530697726493 -0.09799779452073085 -0.0013313708105025849 0.9999940938520481 0.003168550581936855 -0.3392708623941302 -0.002898324176482993 -0.0031723988099782267 0.9999907677587622 22.641192377939923
0.9999936681092038 -0.0005968156444931968 0.00350821216328406 -0.09977551531228272 0.0005794941394595591 0.9999876481858013 0.00493636124855788 -0.3495189909702332 -0.003511114928119238 -0.00493429700366896 0.9999816622243836 23.982701453463985
0.9999875086103456 -0.0037612686622381804 0.0032917292295658604 -0.09418593144381522 0.0037519394072425922 0.9999889406719975 0.0028357511146395466 -0.3631223794729415 -0.0033023588470539986 -0.0028233653235530684 0.9999905614726046 25.302569573121108
0.9999880575673502 -0.003928828377548025 0.0029067215645953185 -0.08859556373750403 0.003927690024354766 0.9999922076982828 0.0003972326651430154 -0.37709357915695496 -0.002908259573511164 -0.0003858112199258665 0.9999956965787181 26.466997395820755
0.9999838313214797 -0.004054322077738075 0.00398742625002195 -0.09728187521618915 0.004062607493950459 0.9999896009937548 -0.0020719856914514618 -0.3972647740044127 -0.003978984287417866 0.0020881515379458085 0.9999899036026288 27.699011527357644
0.9999901207246226 -0.0008707198218845416 0.004358933372022978 -0.09740064288575234 0.0008831108588630358 0.999995572818406 -0.0028415592204664064 -0.41980781650717314 -0.004356439872295059 0.0028453805693142245 0.999986462528896 28.976443430304656
0.9999882969134543 -6.308359672471414e-07 0.004837978475176475 -0.10328836692931646 2.439765383671388e-05 0.9999879333312123 -0.004912493941930995 -0.44189584132256987 -0.004837916997914743 0.004912554485913304 0.9999762304012755 30.042064703676402
0.999988788185107 0.0005952243278849787 0.00469778799822972 -0.10172863000896047 -0.0005752010783546352 0.9999907501925304 -0.004262472651437893 -0.46639796662825467 -0.004700281672014281 0.004259722688661039 0.9999798808550199 31.15459054698003
0.9999849366223867 0.0014323580896315473 0.005298573262724344 -0.11061827646188999 -0.0014149391445375538 0.9999935876679606 -0.0032897674964947727 -0.4922709912714355 -0.005303251411599838 0.003282220782765046 0.9999805510864691 32.25427556489013
0.9999831481023072 0.0030021204666487115 0.004968982199489318 -0.11354471528596977 -0.0029924087011582987 0.9999936004349353 -0.0019607598892349837 -0.5096478256547432 -0.0049748368375580766 0.0019458576211401968 0.9999857322164941 33.399843394304945
0.9999716714272725 0.005377531105012867 0.005266735436382729 -0.15493834958578517 -0.005368203452099694 0.9999840004739756 -0.0017835884515910196 -0.5214873464344986 -0.005276242473489102 0.0017552650177249086 0.9999845400355339 34.67443015014506
0.9999531452645439 0.00796592189099162 0.005500123995603294 -0.15524000382639686 -0.007953224022066267 0.9999656658116207 -0.002326676939715655 -0.5426123621106405 -0.005518469280077347 0.002282824205596937 0.9999821674462255 36.06106506255416
0.999935307662477 0.010060937095982988 0.005306414485624623 -0.15248304802088955 -0.010050164392084992 0.9999473885095032 -0.002052902511441776 -0.5614342994305395 -0.0053267894302812206 0.001999439366466494 0.9999838136472933 37.43365082317085
0.9999356246942007 0.010120526214024634 0.005130440192086956 -0.16168357109179854 -0.010110534996579492 0.9999469473754109 -0.0019696488735621936 -0.5832332343595075 -0.005150101891826865 0.0019176505817036517 0.9999848994193611 38.81848852416974
0.9999442092370581 0.009438197630776513 0.004743294082342185 -0.16034146982245795 -0.00943003817570044 0.9999540229595484 -0.0017396399124437701 -0.6151896177212062 -0.004759495065018408 0.001694813412330718 0.9999872373256685 40.15081487137079
0.9999531665500409 0.008691693828284674 0.004256661242817426 -0.15352301774967353 -0.0086835642494463 0.9999604449904629 -0.001924621107243909 -0.6498163229185286 -0.004273221087941092 0.0018875679792074173 0.9999890882747958 41.52231670021666
0.9999594702480136 0.008319596053419259 0.003441247275967101 -0.157035080293374 -0.008313146981010478 0.9999636701633031 -0.0018841286618127083 -0.6699228021863841 -0.0034567974453945933 0.001855444704142177 0.9999923039085707 42.87496537453111
0.9999619298287828 0.008317207388658269 0.002638741052703861 -0.1702405334505192 -0.008315489063804887 0.9999652069272884 -0.0006614956552422192 -0.6895225053745713 -0.002644151039346028 0.0006395280496233668 0.9999962997277315 44.2282772118018
0.9999594434544212 0.008919765086525575 0.0012446835412364193 -0.17077860956598978 -0.00891839253575973 0.9999596209603762 -0.001103958045297887 -0.7119886830269696 -0.0012544803285399694 0.001092812696169536 0.9999986160188006 45.59356539655739
0.9999559448808535 0.00938652467869629 3.810365401269999e-05 -0.17492617338966804 -0.00938648874503034 0.9999555816677086 -0.0008535342065207976 -0.7310604286856204 -4.6113681405705634e-05 0.0008531389444500743 0.9999996350136686 46.948033596605406
0.9999547529796065 0.009379809031327884 -0.0015846690577537119 -0.17641438969626178 -0.009379710071955226 0.999956007110998 6.986847241485542e-05 -0.7538976121866662 0.0015852546965121595 -5.5001574752955486e-05 0.9999987419703958 48.30438081681308
0.999965200790179 0.00813925369771398 -0.0018302343822551733 -0.19129407918021119 -0.008137884713838467 0.9999666024571013 0.000754190157481614 -0.772882635615604 0.0018363118019517801 -0.0007392696758580093 0.999998040717737 49.65715428491047
0.9999687456008458 0.007497041862402457 -0.0025104152599589456 -0.19173061224360152 -0.007495406879737732 0.9999716912001518 0.0006600560756752293 -0.7982172526259262 0.0025152926611465114 -0.0006412188622087067 0.9999966310649252 51.00723491290515
0.9999834380245644 0.005032101089649126 -0.002793140739218113 -0.20513215763976922 -0.005032044768596434 0.9999873388128895 2.719135455544167e-05 -0.8241840743411526 0.0027932422043852882 -1.3135694968067485e-05 0.9999960988051112 52.37511118231345
0.9999895051407761 0.0034261958101006475 -0.0030415112312342433 -0.21053009296572328 -0.0034243180151783863 0.999993943325161 0.0006223818224915268 -0.8530481045632313 0.003043625211782004 -0.000611960188979361 0.9999951809135372 53.75519464863015
0.999992731428599 0.002378477177813347 -0.002979922193130969 -0.21199613585481147 -0.0023749501586230177 0.9999964758202163 0.0011865744385839154 -0.8800957809041381 0.002982733931571173 -0.001179488647197556 0.9999948560391824 55.11975251751686
0.9999953920837605 0.001029593561933385 -0.0028558270844069446 -0.21030168495998292 -0.001023916989721427 0.9999974987953215 0.0019884660182244033 -0.9067215653898875 0.002857867253209167 -0.0019855327256680577 0.9999939451089486 56.51490035001348
0.9999955913659232 -0.0017480932134845987 -0.0024002955708182136 -0.2346932747241462 0.0017517135106485799 0.9999973302242815 0.00150699837171398 -0.9156881350586602 0.0023976547889408553 -0.0015111963580904978 0.9999959837604754 57.99304656606402
0.999993085727746 -0.0033043993930182533 -0.0017057084584899023 -0.24243472138245975 0.0033054848265017195 0.9999943359372202 0.0006339270825638872 -0.9371143494135505 0.0017036040489830783 -0.0006395608928473564 0.9999983443461841 59.3848406376896
0.9999946596397187 -0.0030656977703442585 -0.0011323379431873546 -0.24901811379026553 0.0030661947552252378 0.9999952035423273 0.0004374266433959004 -0.962308943567878 0.0011309914940908178 -0.00044089627604260547 0.9999992632340858 60.789838020745435
0.9999989577384195 -0.0014320651287211253 -0.00018360701030886392 -0.26137616794330015 0.0014320423329123038 0.9999989669106932 -0.0001242268470715871 -0.9841271190489725 0.00018378472156198195 0.0001239637845833104 0.9999999754280781 62.183565877955104
0.9999957069710216 0.0028296193039031186 0.0007611137328028118 -0.2819599424274512 -0.0028304403027418733 0.9999954113359164 0.0010797753518584992 -1.0162249804993488 -0.000758054887128261 -0.0010819250033359507 0.9999991273951571 63.53077631054333
0.9999798404788866 0.006118707347654538 0.001697072834796527 -0.31408500941489503 -0.00612236519895647 0.9999789282496753 0.0021586340607189177 -1.0305656742402418 -0.001683829024413456 -0.0021689806433538798 0.9999962301142866 64.92918198517455
0.9999495031493609 0.009808728213870818 0.0021863216059804288 -0.3153666849769648 -0.009814690288731331 0.9999480995302118 0.00273314845197819 -1.0518602546817406 -0.0021593994245285605 -0.0027544685060233386 0.999993874929929 66.29789174461737
0.999900977478101 0.013775697584515967 0.002874959893461166 -0.3249770606920088 -0.013782844471598492 0.999901933913122 0.0024810794179357504 -1.0734522744125332 -0.002840499357650052 -0.0025204588602684174 0.9999927893992697 67.64682622284818
0.9998485627890685 0.016949517239987024 0.0039452951672864535 -0.36556801486354046 -0.016955900075087443 0.999854974087212 0.0015900458206951824 -1.085083799268004 -0.003917772488203568 -0.0016567010592140826 0.9999909531592428 69.06929545690863
0.9998135333596164 0.01875675587769555 0.004591581415582343 -0.3692208539997281 -0.018763203617432424 0.9998230235176576 0.001365223068714827 -1.1062349128505926 -0.004565161657836754 -0.0014511212771824706 0.9999885267072199 70.39017322441562
0.9998192343691734 0.01833871120117027 0.005018989630456893 -0.38617159683244556 -0.01834822698297404 0.9998299334891086 0.0018565197964019186 -1.1217127661502795 -0.004984089888016815 -0.0019482737623945103 0.9999856814361567 71.76631886152096
0.9998288249765532 0.017585013038887754 0.005752222389424459 -0.41190157511655473 -0.017593228397471572 0.9998442738199278 0.0013807331618338194 -1.1423511743537957 -0.005727046407150821 -0.001481696977092581 0.9999825026036798 73.18694015823596
0.9998599196493745 0.01567730896963706 0.005862001552976669 -0.42887653099501405 -0.015681226995655106 0.9998768479057887 0.0006230103558685036 -1.165115558467703 -0.00585151250936897 -0.000714846461360432 0.9999826242469864 74.58398239280936
0.9998564024156953 0.015913521469164246 0.005825322547640148 -0.4283198653545788 -0.01591531969314113 0.9998733088310894 0.00026246188765672554 -1.1920898750438043 -0.005820407837833298 -0.00035513606942494776 0.9999829982209566 75.93889349303713
0.999857832772517 0.015944199904010508 0.005486048929512047 -0.42168803374759467 -0.01594660166119246 0.9998727671065576 0.00039432745689856876 -1.2153691933741742 -0.005479063687832815 -0.00048175523342995185 0.9999848737720987 77.3090024444233
0.9998568434936743 0.016090226897952403 0.005234225561564553 -0.42069520462325166 -0.016088174245427064 0.9998704827458161 -0.0004340312257768463 -1.238697219678144 -0.005240531299945699 0.00034975995850851875 0.9999862071547118 78.65774124622968
0.999868186865514 0.015511779964266207 0.004795161790823458 -0.43465823809710685 -0.015511119355418011 0.9998796800500654 -0.00017492663600176603 -1.2550591732303353 -0.004797298260684546 0.0001005252515073865 0.9999884878457713 80.04825555555315
0.9998814183789203 0.014870669734439363 0.004001544976443584 -0.445967670319191 -0.014874787220765866 0.9998888629899236 0.0010011862270040603 -1.288718872108324 -0.003986211946974896 -0.0010605896347973699 0.9999914925957825 81.36828076737154
0.9999158477603378 0.012540897685188077 0.0033201329740494756 -0.4564153816680372 -0.012547806430331331 0.9999191341254162 0.0020682755308146215 -1.311096439418623 -0.003293926456776189 -0.0021097618666779867 0.9999923494474166 82.728818631874
0.9999453870769494 0.010246687928947854 0.0020562708983788308 -0.4668389769742744 -0.010251670943939596 0.9999445034680725 0.0024275969298483266 -1.3289556959558144 -0.002031281954317955 -0.002448544564305967 0.9999949392487641 84.04372558585001
0.9999613867574345 0.008714675652332035 0.0011311155617243422 -0.4471355271206304 -0.008717285095571332 0.9999593056895832 0.0023229088178746563 -1.3548151988106534 -0.0011108261348389311 -0.002332679379660742 0.9999966623305352 85.33126654707094
0.9999763291391153 0.006856321946894535 0.0005762037927169022 -0.4421609896213431 -0.006857374687198353 0.999974785219343 0.0018453557745864025 -1.3720875641364794 -0.0005635369105676342 -0.0018492633387295608 0.9999981313238814 86.65364761546594
0.9999815903805942 0.006046511768667493 0.000508522683098826 -0.4535632371754001 -0.006047292926788854 0.9999805154107081 0.0015488857926068602 -1.403579527353024 -0.0004991474185699841 -0.0015519324638336534 0.9999986711778583 88.01468714141306
0.9999803860751487 0.006262890394840476 6.057135306528141e-05 -0.446463753429883 -0.006262966893078801 0.9999794651378587 0.0013581414890841725 -1.4305036840532848 -5.2064217954166164e-05 -0.0013584942069781488 0.9999990758909766 89.35150541375623
0.9999829747444595 0.00583525566272664 3.544382452810822e-06 -0.4467680159696072 -0.005835256564637358 0.9999826118051821 0.0008519789421694297 -1.4536289672824554 1.4271941243341775e-06 -0.0008519851193913709 0.999999637059594 90.73648159450445
0.9999790115558655 0.006449150184765537 0.0006204108613641536 -0.4613626091428091 -0.006449162914658625 0.9999792037611158 1.852009078252996e-05 -1.4736754355418098 -0.0006202785203048955 -2.2520832793743733e-05 0.9999998073736662 92.13042262472752
0.9999709539213019 0.007610190329568231 0.00041990100955338096 -0.4597816701642517 -0.0076104531840144665 0.9999708428931925 0.0006279855261126663 -1.5020784492947223 -0.0004151096770769795 -0.0006311629225709356 0.99999971465862 93.50146338149524
0.9999661232879525 0.008189907501666741 0.0008232202415397326 -0.46657310831566695 -0.008191463946418013 0.9999646340006939 0.0019054307338497052 -1.524731619884285 -0.0008075858260723776 -0.0019121095630501572 0.9999978458187561 94.83950707177104
0.9999517612508373 0.009699542231210913 0.0015472723876998296 -0.4850468255519113 -0.009704577683032803 0.9999475274191384 0.0032807895931648086 -1.5484554925334935 -0.0015153690411139542 -0.00329564695706204 0.9999934211622615 96.15047069549193
0.9999588522274739 0.008938508028842608 0.0015482009298402174 -0.4881775825958141 -0.00894130115347191 0.9999583936491001 0.0018066832605886493 -1.5722256826346825 -0.0015319874620189618 -0.0018204518503568284 0.9999971694807326 97.49593864198123
0.9999558030633815 0.009272438479195087 0.0015536423351479765 -0.49009329822258235 -0.00927187429799775 0.9999569468172004 -0.00036994463668782197 -1.6025207851462615 -0.0015570057347851346 0.0003555231098323924 0.9999987246674169 98.837565481853
0.9999609304767303 0.00874661698381195 0.0012783627960967952 -0.4902898076838806 -0.008744154142964106 0.9999599266205326 -0.0019196149073759917 -1.6196167230211338 -0.0012951017041308258 0.0019083617075967814 0.9999973404300478 100.17877467043844
0.9999767415309514 0.006640736928695932 0.0015546736550121237 -0.49620508720250095 -0.006639535128554918 0.9999776562399378 -0.0007769132300099686 -1.644486967854822 -0.0015597981941341417 0.0007665728498515588 0.9999984896966893 101.4976967318227
0.9999898164594713 0.004005295300278326 0.002079564112779886 -0.4910772586232585 -0.0040076764686216805 0.9999913169957079 0.0011421306940550303 -1.6672718734184568 -0.002074971485214794 -0.0011504532832807969 0.9999971854713285 102.84925159616692
0.9999936945112518 0.001849257272096341 0.0030316967638553583 -0.485740829566713 -0.0018546719262353703 0.9999966884468782 0.0017841769342829188 -1.6875176059504589 -0.0030283873220602986 -0.0017897884870523156 0.9999938127445585 104.19835298561955
0.9999944574929368 0.0008215250740239994 0.0032264655504865127 -0.4810252896436588 -0.0008231731531482524 0.9999995313949941 0.0005095054090394187 -1.711257418694446 -0.0032260454670799653 -0.0005121585249230192 0.9999946651479145 105.5353087182459
0.9999848823111551 0.003495171954374568 0.004244870097394405 -0.49263859884105327 -0.0034862670277276695 0.9999917107914816 -0.002103399759012973 -1.7322360288762686 -0.004252186654627784 0.002088569209812156 0.9999887783306921 106.80374421128853
0.9999614097980738 0.006445312886249003 0.005969661333440045 -0.513274297807743 -0.006420277186814783 0.9999705547372271 -0.004203534153083562 -1.7664729108355985 -0.0059965786480383 0.004165045057379441 0.9999733463668861 108.07793154594366
0.9999290541870864 0.00954296970592943 0.007128697054881633 -0.509364180522141 -0.009514383338614232 0.9999466032808143 -0.0040332489207464736 -1.7944243562786855 -0.007166805578114219 0.003965137622137746 0.999966456728146 109.36148231129592
0.9998980581755611 0.011282863275388208 0.008750443019718203 -0.5014529926693893 -0.01126272046927352 0.9999338173106355 -0.0023477917754482513 -1.8215624424289607 -0.008776353705467723 0.002248998643557487 0.9999589579681448 110.64100661366412
0.9998903953534918 0.011197927036697433 0.00968523153615365 -0.4887931585122166 -0.011196508615171954 0.9999372969987742 -0.0002006629635455188 -1.8453495103740825 -0.00968687125229375 9.220019161747076e-05 0.9999530769113449 111.94542913030372
0.9998889064810539 0.010428091878112479 0.01065033313530619 -0.48509856662923306 -0.010432762893924818 0.9999455038560301 0.00038311423807607317 -1.871386597064172 -0.010645757582744091 -0.0004941840769095051 0.9999432102012532 113.26702020950677
0.999879681488851 0.01052517242608865 0.011394880040782918 -0.4718766791077939 -0.010520446812520089 0.9999445459499205 -0.00047457758303530613 -1.8811601904395543 -0.011399243159425722 0.00035464125316265354 0.999934963627622 114.59716646578713
0.9998332598919492 0.012699599564982265 0.013121455129505352 -0.473267399407931 -0.012686091791072029 0.9999189097927157 -0.0011121663659292768 -1.902091495204739 -0.013134515175486198 0.0009455209389835811 0.9999132914914466 115.93417479216109
0.9997793082761899 0.01510975922567742 0.014595544488417695 -0.472491710308306 -0.015085729862734864 0.9998846636205502 -0.0017550529731644802 -1.923015338428175 -0.014620379519013346 0.001534481206146337 0.9998919390964945 117.27828369702884
0.9997414562092933 0.016165926198982137 0.01599010839987885 -0.46227911574104025 -0.016124646409444183 0.9998663246056497 -0.0027071567686224153 -1.9543942183210796 -0.016031734612363617 0.002448622006052348 0.9998684852197265 118.60511607549459
0.9996984262827653 0.017575399437307397 0.017151146386507568 -0.4511979348266058 -0.017513359972005815 0.9998395566190328 -0.0037607502384292765 -1.9797041269031654 -0.01721449128621839 0.003459241894400453 0.9998458355843031 119.9290424934031
0.9997174359853933 0.0157948627301014 0.017764304042616072 -0.4444618600848129 -0.015724713645192876 0.9998680280091966 -0.0040816596851883475 -1.9933286256083516 -0.01782642890648507 0.0038011677608648115 0.9998338709786223 121.32920030619232
0.9997169396275633 0.015035917606556001 0.018438053135239715 -0.43954082488877594 -0.014987280917115226 0.9998838386405359 -0.002773199629827775 -2.0212105812363297 -0.01847760894706247 0.002496078365004836 0.999826158669794 122.72605832733976
0.999724439454323 0.013261710215794685 0.019369362402553394 -0.43405996746392583 -0.013226756289689466 0.9999106569290624 -0.0019315997910488557 -2.038362290002329 -0.01939324820091622 0.0016748736823708147 0.9998105304118208 124.17244510964034
0.9997506594826002 0.01220088771164297 0.018701796789170822 -0.406923450378721 -0.01216952857163695 0.9999243469262005 -0.0017896923100666406 -2.0597397887957563 -0.01872221777567184 0.0015616540168929304 0.9998235043237843 125.61308413557626
0.9997745497216197 0.009774719763094852 0.018849524728088308 -0.38422263992687306 -0.00974919295758754 0.9999514304719397 -0.0014456603357826915 -2.094435510919149 -0.018862740140223176 0.0012615667575242243 0.999821286772651 127.02853494589915
0.999796314788413 0.007919549052748779 0.018563665540476434 -0.37628351869495086 -0.007908835851410391 0.9999685131188654 -0.0006504508668357192 -2.1160843789561525 -0.018568232306092676 0.0005035013960527522 0.9998274687341673 128.5082571062793
0.9998223226128788 0.006267627793936112 0.017777515203589854 -0.35331664974071464 -0.0062577927245072995 0.9999802344975068 -0.0006088058287438075 -2.149904598572227 -0.017780979590402358 0.0004974496524136339 0.9998417821378792 129.92078651455995
0.9998437669853588 0.004746035478959566 0.017026942407539006 -0.35306793995908303 -0.004734165954512125 0.9999885219337729 -0.0007373421402592953 -2.1726792751465074 -0.017030246423124458 0.0006566185720182438 0.9998547592319696 131.31407623611176
0.999854672953703 0.003308545036227879 0.016723830373946372 -0.3469312968290078 -0.003315928247016081 0.9999944166922822 0.0004137682098067529 -2.204731059643263 -0.01672236802889873 -0.00046916309963069023 0.9998600613553347 132.65594971314866
0.9998864231969807 0.0013606947753481322 0.015009637439500602 -0.3179811631024193 -0.0013726152728275498 0.9999987507004616 0.0007839163462994069 -2.22906110957005 -0.015008552017091004 -0.0008044297691764302 0.999887041749766 133.9566927389725
0.9999005092616877 0.0010986748285293137 0.014062876371042997 -0.306927860594233 -0.0011126522392487822 0.9999988947685402 0.0009861372632130297 -2.256688455395817 -0.014061777384121303 -0.0010016862425735766 0.9999006265831981 135.30843926251947
0.9999160161876218 0.0005453459457510342 0.012948481349719756 -0.29470575616558276 -0.0005518004868848478 0.9999997252895227 0.0004949112150692339 -2.2817452000650316 -0.012948207894811879 -0.0005020146288522268 0.999916042422376 136.69299875005342
0.9999329420636404 0.0005945702132097597 0.011565373413921897 -0.28318687158329403 -0.0005928875829088892 0.9999998131540546 -0.0001489166810598419 -2.299362237997368 -0.011565459794401826 0.00014204972872525881 0.9999331077435232 138.11043883494494
0.9999420012932165 -0.0019150280474568516 0.01059842994428165 -0.2680736849620121 0.0019397462848658171 0.9999954217555883 -0.002322466839620176 -2.329537565358795 -0.01059393383294207 0.0023428904046563304 0.9999411379828798 139.469915109742
0.9999283362127417 -0.0075083727203056816 0.009324525612621369 -0.24162521726296732 0.007535146736314406 0.9999675787362711 -0.002839549258189131 -2.3558282464194007 -0.009302902905529426 0.00290960743407238 0.9999524939626439 140.8319528808131
0.9998453495823281 -0.015514242852082371 0.008281617433069443 -0.23001930556142042 0.015518317428380382 0.9998794920735413 -0.0004279660693625869 -2.375646801075357 -0.00827397986299256 0.0005564166523775402 0.9999656152377125 142.19843044150525
0.9997309670520039 -0.022440802223439405 0.0058654848752950324 -0.18788077524776703 0.022436855071041935 0.9997479897704378 0.0007378919279869293 -2.3967485512482583 -0.00588056559992358 -0.0006060903766783054 0.9999825256486643 143.57743037243677
0.9996429458754523 -0.026271134556284693 0.004879369893923779 -0.17576419910745528 0.026283439388430894 0.9996514667835946 -0.0024750295613918142 -2.4271224415733244 -0.004812647436802741 0.002602392464738792 0.9999850328770473 144.9172038343471
0.9996503018052331 -0.025968401793624987 0.004991613865267512 -0.16070826147401132 0.025996279795265573 0.9996463336852837 -0.005603658303633533 -2.453845532262954 -0.004844330449244587 0.005731462105111662 0.999971841005854 146.25795457949295
0.9997251283995038 -0.022672797081404853 0.0059675722944393566 -0.1637042216218247 0.02271985291244688 0.999710346348474 -0.007939249804469051 -2.482380343466952 -0.005785838765538456 0.008072649894942198 0.9999506769803467 147.5883797784076
0.9997096320028779 -0.02317107324824706 0.006614608467866971 -0.1703442456478736 0.023222212590040762 0.9997001944778423 -0.007762087566757867 -2.515379159398059 -0.006432769472153004 0.007913439548977892 0.9999479971235622 148.74205632141866
0.9996333482929665 -0.026176235471855425 0.006926303278281973 -0.15832215571581262 0.026206447338809603 0.9996472707630606 -0.004307687761370998 -2.5379572119878553 -0.0068111011194311915 0.004487622142414448 0.9999667345212282 149.79354981715497
0.9994753619926526 -0.031442028106784516 0.007771720412912889 -0.1541329601509213 0.031454725809002326 0.9995040264587708 -0.0015170092260245198 -2.565681909472501 -0.007720167998495599 0.0017606706799790292 0.9999686490309746 151.16951204310763
0.9993762711208926 -0.03451438482421098 0.0074716772343714185 -0.14010670444709156 0.03451904497621818 0.9994039172939264 -0.0004956122382978612 -2.5899306432097156 -0.007450117745270691 0.000753218273132624 0.9999719638108938 152.56135405594128
0.9993175431389895 -0.0361071482840869 0.00779242051177018 -0.130876136901724 0.03611278804167402 0.9993475497702585 -0.0005842157516379077 -2.606491708087109 -0.0077662419804429535 0.0008652230798625965 0.9999694679711598 153.5434753899269
0.9993810507759949 -0.034009143541162974 0.008994081690311916 -0.12470509355488096 0.03400896512937674 0.9994215128878736 0.00017282288370049214 -2.624646495868519 -0.00899475628822784 0.000133163495465398 0.999959537494793 154.5465469675576
0.9995177971653811 -0.029385293850108202 0.010033825541419118 -0.13070710508925187 0.029396399452956735 0.9995673704075065 -0.0009611013629413761 -2.6491648032767823 -0.010001242365594423 0.0012555962607961645 0.9999491980241676 155.86058532245823
0.9995934275385525 -0.026173724233776383 0.011309985917410167 -0.14211481140181376 0.02620948627378462 0.9996518943097961 -0.003025397842674737 -2.662620769225675 -0.01122686291812479 0.0033205967198856614 0.999931463244578 156.90763809502624
0.9996739492128836 -0.022234888121532483 0.012554083611694855 -0.1295276033734038 0.022282277720887454 0.999745064879745 -0.00364764967746871 -2.692698778836367 -0.01246977805239478 0.003926193935986893 0.9999145411666451 157.93218035219226
0.9997047348266468 -0.02067401039939346 0.01276825983361595 -0.11638463316641416 0.020702612621185522 0.999783447210475 -0.0021119930402781185 -2.7216961380490425 -0.012721831465253679 0.0023757057794685753 0.999916252006247 159.08129872679967
0.9997596240528211 -0.018085110570986097 0.012394470113128823 -0.10197175306416684 0.01811910997054688 0.9998323597829507 -0.0026363203023447826 -2.749711319099528 -0.012344714157300644 0.002860263361361106 0.9999197102397168 160.30315848431735
0.9997994785653099 -0.016278021777502528 0.011663132835285013 -0.09923942629926838 0.016344210029951317 0.9998507292065719 -0.0056023301927732175 -2.7593819683194005 -0.011570197017310336 0.005791831498152116 0.9999162891106828 161.48563979996712
0.9998608874493301 -0.012794254185393655 0.010701065781764526 -0.10857328634274416 0.012887588251802851 0.9998791119618141 -0.008698938527881289 -2.7751821836178907 -0.010588475720247048 0.008835639326005063 0.9999049033081212 162.70507089103023
0.9999101374493006 -0.007630923354452902 0.011022070353013114 -0.1379762513073135 0.0077417435616751054 0.9999195587145008 -0.010046965055632724 -2.7979169576980762 -0.010944516103220869 0.010131392251917485 0.9998887800442131 163.93993423350588
0.999932388102372 -0.003373415384811221 0.011128310407078913 -0.12916029076848598 0.0034709460122895803 0.9999556366992269 -0.0087565499615781 -2.834338491279544 -0.011098277238139184 0.008794583679249185 0.999899736743767 165.24078896032864
0.999934432012502 -0.00047217363452437433 0.011441535206485564 -0.13176061185722648 0.0005516187200606302 0.9999757559917767 -0.006941408032152525 -2.8657233049511417 -0.011437980267952882 0.006947264263003278 0.9999104500537286 166.56487995022042
0.9999377264395779 -0.00031968822349295515 0.011155314530521045 -0.13308933658389635 0.0003701937406291536 0.9999896903829446 -0.004525713692156668 -2.8940541097894026 -0.011153752706130029 0.004529561487465243 0.9999275358111217 167.97536946193017
0.9999287935169613 -0.005336389636694309 0.010673839110025021 -0.17555196337207923 0.005375040425792457 0.9999790898190482 -0.003595673107448693 -2.8925799707546 -0.010654428005410473 0.0036527893889269983 0.9999365681349784 169.2615676514559
0.9999354029983529 -0.007303521228454075 0.008709099159727198 -0.1651458691276419 0.007335530053529608 0.9999664365842285 -0.003649068905937208 -2.9182768061730573 -0.008682155800392702 0.0037127190456520886 0.999955416950149 170.5974239601233
0.9999426873220323 -0.008151530117459456 0.0069407944735324885 -0.15543174377350993 0.008205251832175655 0.9999363267225608 -0.007747021554689317 -2.9502120022723064 -0.006877202450876865 0.0078035285187081065 0.9999459030513141 171.9451666309747
0.9999637281028833 -0.006257395929867983 0.005778189573511554 -0.1724191361192187 0.006325752039121944 0.999909319945657 -0.011888513235859335 -2.986582371523759 -0.005703274472632958 0.011924633411407112 0.9999126340727443 173.2386588303272
0.9999818521750761 -0.0029157167371771887 0.0052719935888095445 -0.2203595236071922 0.0029824655087918738 0.9999149318635833 -0.012697792553821972 -2.9950145478334114 -0.005234521943865525 0.012713285655546663 0.9999054816070668 174.5560376674612
0.9999883913518657 -6.407961230886947e-05 0.004817992870290031 -0.21945197059942764 0.00012314314844512277 0.9999248400422447 -0.012259653431563721 -3.0050250144193273 -0.004816845156310651 0.012260104416371693 0.999913240157585 175.99698053744277
0.9999855686573548 0.001711937521353913 0.005092322351914597 -0.21877100650255032 -0.0016674557238873402 0.9999605328675877 -0.008726528438328085 -3.0322712644894434 -0.005107060644018948 0.008717911280752189 0.9999489566745294 177.3520073745349
0.9999839973632235 0.001726374590308463 0.005387452851556921 -0.21925234009706118 -0.0016918240830313934 0.9999780173657153 -0.006411124442030384 -3.0672891431961484 -0.0053984024234833726 0.006401907224653792 0.999964935802832 178.70355772713827
0.9999843124073273 0.0025715437932659316 0.004976153308468462 -0.16697728924837518 -0.002543862160724046 0.9999813006572625 -0.005561213997139568 -3.111174482720637 -0.00499036116300978 0.005548468106971872 0.9999721550108928 179.8994941006773
0.9999856782600691 0.0011615850553730934 0.005224365501565201 -0.15701020086297596 -0.0011367498301813207 0.9999880526660366 -0.004754190258836094 -3.1491070821590097 -0.005229825480681024 0.004748183373962537 0.9999750515288315 181.23277330642262
0.999985406147375 -0.0018469703233168222 0.00507702598763746 -0.1364848279231363 0.0018677467532559238 0.9999898893960568 -0.004090553475175738 -3.1764882773923926 -0.005069419524964058 0.00409997637704539 0.999978745363814 182.5787383629672
0.9999746502317456 -0.004597239984771347 0.005437304332586373 -0.1299603708836192 0.004620284988513334 0.9999803655612772 -0.00423337437096776 -3.206230068742341 -0.005417735736239078 0.0042583889514939445 0.9999762568496464 183.9608201127223
0.9999546458940047 -0.007726757738743577 0.00556806697402742 -0.11821750150030792 0.007744964510282584 0.9999647072028357 -0.0032557446901149536 -3.2344211630781565 -0.005542714110889551 0.0032987215098295017 0.9999791981619846 185.3403169056392
0.9999104772827232 -0.011961341736049288 0.005996976246039225 -0.10092356033580091 0.011971326111746993 0.9999270096624548 -0.0016317777522709253 -3.272303994971117 -0.005977020273386755 0.0017034234294178948 0.9999806866021321 186.75892184779576
0.9998722778300697 -0.01468857065962244 0.006298723590590099 -0.09161143372960476 0.014698189513494567 0.9998908752016044 -0.0014835476402142046 -3.3031002074591433 -0.006276245049308081 0.0015759379913176147 0.999979062364572 188.1918650766735
0.9998987760787407 -0.012755989195658067 0.006302565815760037 -0.08514576043121588 0.01279251172119712 0.9999014150580631 -0.005788938482284424 -3.3340706069722494 -0.006228100840940844 0.005868978150302664 0.9999633822572638 189.67316154667688
0.9999614112407836 -0.0055563518133529355 0.006804629589624957 -0.08692314958560499 0.005628047481558035 0.9999283727755361 -0.01056287839651209 -3.370096448078032 -0.0067454511243614295 0.010600767566565512 0.9999210581921598 191.06823793335178
0.999967950242204 0.0033540652553352454 0.007269713519346765 -0.07879192620024067 -0.00327641389391442 0.9999377359750685 -0.01066720605667958 -3.4014790254076894 -0.00730503938292933 0.010643045584929203 0.9999166775188277 192.46187489876633
0.9998963278335655 0.011542265504163868 0.008608698622120992 -0.0903850968699873 -0.011482213660052037 0.999909625515787 -0.006992822774099998 -3.4340810797715777 -0.008688633632505683 0.006893250896098995 0.9999384934773157 193.8823756299826
0.9998796137430906 0.012417490606261773 0.009303974849222857 -0.08668901844023903 -0.01237442218900531 0.9999125173899142 -0.004672391513885192 -3.464882394009475 -0.009361180290951513 0.0045566977093395205 0.9999458009360036 195.28893841770406
0.9999114777969474 0.01007594113240931 0.008689762954439325 -0.07720653739723034 -0.010041820317088895 0.9999417333262476 -0.003961287319140678 -3.498676718411229 -0.008729170328692703 0.003873675619073329 0.9999543970714718 196.67504772322496
0.9999451317339445 0.007174432028277052 0.007632892416303268 -0.07764113055799748 -0.007145012177555007 0.9999669673437817 -0.0038746641491531966 -3.531570201788589 -0.007660438796162851 0.003819914443784971 0.9999633622943854 198.06653128837942
0.9999627876105589 0.005540246073029724 0.0066127957441193515 -0.07229890187476232 -0.005510663119676769 0.9999747652664386 -0.00448346097546418 -3.561464030144033 -0.0066374683490437745 0.0044468532455429095 0.9999680842457562 199.47665014650488
0.9999632287517123 0.006059163715065282 0.006068581342270025 -0.08086842297874647 -0.00602843368303917 0.9999689793718821 -0.005069347225364555 -3.594405032328474 -0.006099109095832208 0.005032576778966718 0.9999687365308981 200.8722008456439
0.9999606892025437 0.006716415113591173 0.005788766498904502 -0.10293530801193598 -0.006687329560660643 0.9999649923842149 -0.005029277223381742 -3.6128405863732382 -0.005822342561544811 0.00499036812915522 0.9999705978442723 202.30685647402242
0.9999534427082094 0.00767145181996545 0.0058533104270708436 -0.11009634192126559 -0.007647661622299954 0.9999624489815773 -0.004076015024957685 -3.6368464790794075 -0.005884359582184799 0.004031061119219963 0.999974562105737 203.7179194407809
0.9999661716919999 0.006395478551256296 0.005172361716650634 -0.09596952613807262 -0.006372945525551662 0.9999701821298475 -0.00436124025183832 -3.6672417210890673 -0.005200099706328305 0.0043281295390008015 0.9999771128669583 205.1581948298742
0.9999732243358418 0.0054411234509859595 0.0048933410828068255 -0.10319327308503198 -0.005414992675773127 0.9999710937565462 -0.005337556150883644 -3.693656856418915 -0.004922241936641919 0.005310915828148921 0.9999737825100132 206.60741119234766
0.9999804410939356 0.004305631291389084 0.004536404825581011 -0.1047813297893157 -0.004280279100898204 0.9999752511540122 -0.005583573255062101 -3.726172606013474 -0.004560333362521619 0.0055640469677088146 0.9999741220356472 208.0316280275459
0.9999760273058086 0.005081484975493751 0.004703543782930663 -0.13376310280697767 -0.0050541482092685145 0.9999703742521341 -0.005805704430233947 -3.7622681126298927 -0.004732906036763032 0.005781792844469039 0.9999720848463473 209.47462084611948
0.9999702827277152 0.005792646517909395 0.005087131583919647 -0.14088602412734816 -0.005761365764557133 0.9999645389434123 -0.0061422732129267155 -3.7923191281870254 -0.0051225312063977735 0.006112781855573522 0.9999681962802742 210.885609605794
0.9999695441270434 0.006156797170426098 0.004796318060241315 -0.12643162813177458 -0.006126721668715572 0.9999616358713017 -0.006260197056899291 -3.8333228656795164 -0.0048346768172043714 0.00623062069134307 0.9999689021493984 212.31909290503265
0.9999638769935842 0.007383536384515356 0.004210474842397309 -0.12444766030624793 -0.007355179423186369 0.9999504304283342 -0.006711037315391898 -3.8679287959817974 -0.004259817319159063 0.006679826094625008 0.9999686164474126 213.77849505586838
