1.0 0.0 0.0 0.0 0.0 1.0 0.0 0.0 0.0 0.0 1.0 0.0
0.9999970130985031 -0.0019176888341921653 -0.0015153427362006432 0.0034601092141941137 0.001916630473346899 0.9999979185598972 -0.0006995738001193685 -0.012127470977728197 0.0015166811469706637 0.0006966673584955611 0.9999986071654753 0.5340589057770646
0.9999951210331708 -0.002563250590780403 -0.0017854008692210967 -0.012860818566700575 0.0025601896753532877 0.9999952527862859 -0.0017145943306878751 -0.0312956078355787 0.0017897873284726067 0.0017100150003673043 0.9999969362503156 1.0461081921494264
0.9999858715919476 -0.002974756717876058 -0.0044053874928666695 -0.0023585729474919544 0.002961008659864618 0.9999907365500987 -0.003123978506234169 -0.04243307916618941 0.004414639759828162 0.0031108899788746844 0.9999854165533268 1.5960453939430668
0.9999716443982231 -0.004877118214171331 -0.0057379541161490305 -0.001399916616328566 0.0048489551363948445 0.9999761800299716 -0.004911924953778835 -0.05364255778575637 0.005761773476912577 0.0048839625911070265 0.9999714740310394 2.0789273063624742
0.9999406087021498 -0.007619192697278611 -0.007792751184015861 -0.0011255297017418965 0.007561989827184958 0.9999444406643879 -0.007343833756193827 -0.05200846806186283 0.007848272308462603 0.007284468891196568 0.9999426689239466 2.6416163933163315
0.9999191578082127 -0.008997347667706757 -0.008984741680264977 -0.01290277524025794 0.00892402015607812 0.999926817297905 -0.008168348225696702 -0.06029608647801668 0.009057577621449335 0.008087507862671277 0.9999262735343056 3.1903804954617003
0.9999007158021692 -0.009758660450378688 -0.010164993090240985 -0.019720764112168745 0.009683667478243502 0.9999257242531915 -0.0074008486608815914 -0.07101465058639392 0.010236460446914768 0.007301679460554759 0.999920947052603 3.7378271343397564
0.9998848988413741 -0.010523119306461833 -0.010929456941569392 -0.030602457444371674 0.01044534586573992 0.9999198913531903 -0.007148819900467651 -0.09477757871231153 0.011003809282277108 0.007033835105135149 0.9999147170359048 4.294094358413519
0.9998802052849491 -0.009381765801856049 -0.012310871202609661 -0.02196624600708661 0.00925570868587376 0.9999045600989067 -0.010256829438655872 -0.10656341078314614 0.012405923425943413 0.01014165488717552 0.9998716117082731 4.838183609559789
0.9998656326884761 -0.00810964222169063 -0.01424606161399274 -0.03575633407629053 0.007907866798488294 0.999868424919504 -0.01416327969390212 -0.11871270953130175 0.014359046318293054 0.014048720654441038 0.9997982052578425 5.435614643945635
0.9998535897880353 -0.006667609273010265 -0.015758869710786313 -0.04659767185394695 0.00638288139550935 0.9998167196631325 -0.018049540358244798 -0.12873736397100657 0.01587632870250392 0.017946310724924114 0.9997128948444622 5.990464662204937
0.9998549999508528 -0.004491804903428138 -0.016425673867150506 -0.07536350712728798 0.0041955083406852505 0.9998286652303363 -0.01802880732292009 -0.14282188260809775 0.016503841463238612 0.017957279093261475 0.9997025354296764 6.553104443530387
0.9998538050769439 -0.0021879063494489397 -0.01695822924019255 -0.10215178212451151 0.001999740602980348 0.9999363394995093 -0.011104863161805622 -0.1539116928183651 0.016981446071453805 0.011069327627624158 0.9997945291284578 7.156031941030929
0.9998434179916433 -0.0015926418447815664 -0.017623932329144883 -0.11731986599348906 0.001581264221431758 0.9999985323342694 -0.0006594943281742054 -0.16310098868616715 0.017624956801367452 0.0006315229695950754 0.9998444689432895 7.800692887487159
0.9998481112143776 -0.0002333136248270282 -0.017426992448340853 -0.14855595722955942 0.00034391372213538176 0.9999798190447694 0.006343754924471041 -0.18144653678710662 0.017425160670530637 -0.006348784761077539 0.9998280135641647 8.462857715573392
0.9998130859741702 0.0018716903018347187 -0.019242917923772782 -0.15730521596160285 -0.0017686398019568662 0.9999840127206066 0.005370867382865351 -0.19352416436173484 0.01925266288226117 -0.005335829701874583 0.9998004120289882 9.150627348673677
0.9997726916472184 0.004391300978858515 -0.02086340126128877 -0.15509972434419456 -0.004427337586726735 0.9999887857444812 -0.0016813884651798263 -0.2042158286849564 0.02085578381096369 0.0017733755921287642 0.9997809217126719 9.805351763212297
0.9997378408236819 0.004000372696256409 -0.022544326192927653 -0.16774964014283475 -0.004173152504694179 0.9999622429032633 -0.007622175939179312 -0.20371289559217576 0.02251298344011019 0.007714258627132276 0.999716787790652 10.511285638288134
0.9997140171710562 0.001409993241298961 -0.02387249025066968 -0.17867220365616115 -0.0015592827415607804 0.9999793392503463 -0.0062361614613976385 -0.20393009411468965 0.0238632040816134 0.006271601988347369 0.9996955609081494 11.237875234248733
0.9996981078839167 0.0013888718856153344 -0.02453088111344815 -0.1979283710736094 -0.0013190616653990525 0.9999950351854724 0.0028617618225270387 -0.2164550432171482 0.02453473394271247 -0.0028285401342992445 0.9996949765758901 11.98151859583259
0.9996852792477113 0.0010196707056412669 -0.02506596750729781 -0.21753031389954133 -0.000770413299931077 0.9999501837903402 0.009951703422669291 -0.21847972573710064 0.025074866276257067 -0.009929260260338045 0.9996362642841199 12.75140912022759
0.9996582397747567 -9.257945482725722e-05 -0.026141826246050007 -0.23364636256500038 0.0004192965595327093 0.9999218757228561 0.01249266349826572 -0.2208848531203748 0.02613862737079591 -0.012499355180579284 0.9995801810156307 13.566894128405524
0.9996560527771031 -0.0018323464063740647 -0.026161396230843223 -0.2618912397147556 0.0021344476978939686 0.9999313144199905 0.011524347067625673 -0.22458823612434708 0.026138482724234677 -0.011576223432414472 0.9995913018688777 14.388018923411272
0.9996447942542681 -0.0027851130737609666 -0.026505253545420326 -0.27632546743313774 0.0030320424205834084 0.9999523373020122 0.009280616520619496 -0.22374694789612506 0.026478142667121972 -0.009357685045425272 0.9996055930673309 15.243233657005186
0.9996503762651192 -0.0007466614706788427 -0.026430431885474056 -0.30559892420385965 0.0008971665756471646 0.9999834492403655 0.0056829866687348515 -0.21862464449453614 0.026425751174565568 -0.005704712261777817 0.9996345011717385 16.149678223451122
0.999674915267335 -0.004419609114091606 -0.025110373165764997 -0.3434733457455854 0.0044223443383721375 0.999990219961847 5.339672137828899e-05 -0.2214000967092335 0.02510989159272153 -0.0001644260795232325 0.9996846834418673 17.07829309981514
0.9996866834940158 -0.006627997877344738 -0.024137201347133236 -0.35946904754647124 0.006480508358733717 0.9999598824331604 -0.0061835698162438155 -0.23778886737268354 0.02417721770896195 0.006025211066668141 0.9996895312923189 17.96267111387579
0.9997159819532387 -0.0055423530277836685 -0.02317838972374719 -0.38116193235317664 0.005272913789675258 0.9999180051171724 -0.01166959393727844 -0.24821427107407557 0.023241166223689547 0.011544061911205264 0.9996632347081458 18.856064983512418
0.9997347035477787 -0.0038391751706335735 -0.022710862076173805 -0.4073554731887356 0.00356285914929006 0.9999192948125035 -0.01219466671736846 -0.2723692193287653 0.022755846653467825 0.012110515912816163 0.9996676982114652 19.755302094100777
0.9997345452526284 -0.003447724809157399 -0.02278052286844767 -0.4315333871031489 0.0031878976571890517 0.9999295690400706 -0.011432159370178299 -0.29608830210223147 0.0228183333538378 0.011356502673719128 0.9996751239827741 20.66477442825842
0.9997381469022508 -0.0020435387977551086 -0.022791699753080426 -0.4578905079651789 0.0017517501861532777 0.9999163496596327 -0.012815032369816825 -0.31677704637570087 0.022815981235481373 0.012771751349608035 0.9996580982354546 21.586523270623164
0.9997477339928231 0.0008368618954281399 -0.022444777530236364 -0.49363976290592687 -0.0011726291684265467 0.9998875441435053 -0.014950719297172583 -0.34066695875398467 0.022429741796266934 0.014973267139722104 0.9996362878337877 22.52951937289523
0.9997292989083999 0.004496733609692196 -0.02282779645434297 -0.5202903188479399 -0.004854008506752097 0.9998662234290874 -0.015619662194502263 -0.3663619269178152 0.022754505170050402 0.015726240253075844 0.9996173857341459 23.474655839596956
0.9997284182572456 0.006317700636562488 -0.022431593512955737 -0.5504457742560082 -0.006668796199210124 0.9998558909064147 -0.015611680786938106 -0.3960178709259291 0.022329730990702075 0.01575703266502436 0.9996264797590529 24.417247232226163
0.9997208881596203 0.006885610900395819 -0.022599427865897363 -0.580349258490262 -0.007236829981852797 0.9998537366186849 -0.015496246689681126 -0.4272617858076656 0.022489421272040833 0.015655469720901517 0.9996244955975552 25.34679539180828
0.9997144620638747 0.006946202111280513 -0.02286360900130858 -0.6062416571532255 -0.007301237005977141 0.999853493555406 -0.015481710604215637 -0.45332619208817465 0.0227527202443586 0.01564422261665285 0.9996187133203351 26.280320590172515
0.9997004735683429 0.007873116083800239 -0.023172768292965926 -0.6418340950803864 -0.008206989955343578 0.9998633755457678 -0.0143483643003932 -0.4828060255172598 0.023056635988395812 0.014534245262652358 0.9996285046213635 27.218128890997498
0.9996940585576406 0.00827940440753828 -0.023307525548774237 -0.674118284953039 -0.008576957124121744 0.9998826232695308 -0.01269549093707114 -0.5045945506563814 0.023199678684010353 0.01289151450756389 0.999647729834195 28.14009150673181
0.9996781439985526 0.00903491048851858 -0.023706092129897965 -0.6971851132292338 -0.00930767563021488 0.9998914567215718 -0.01142111857816603 -0.5313125494389368 0.023600330208907585 0.011638091238613774 0.9996537296716058 29.098483578657458
0.9996667525804616 0.008699556649888886 -0.02430435144840312 -0.7208550349107306 -0.00900350121490536 0.999882278023109 -0.012424454160743347 -0.5584832345008997 0.024193403049288832 0.012639138001248587 0.9996273963029824 30.067965616609563
0.9996645820704019 0.00984946258677635 -0.023952274229353566 -0.7663052671227898 -0.01016800809183211 0.9998609919213347 -0.013213948899950468 -0.5860317226571959 0.023818794374420235 0.013453063622750788 0.9996257700328214 31.03042058265866
0.9996471685056022 0.009169348220697716 -0.024929130589288653 -0.7875244335233695 -0.009475296292472702 0.9998808966822819 -0.012182413964719736 -0.6147643412457993 0.024814456651317023 0.012414326524042762 0.9996149895024853 32.00954610116768
0.9996120696707396 0.008242294978699792 -0.02660403619871677 -0.8007029901133097 -0.008496211595659872 0.9999192961114268 -0.009445403779241903 -0.6399107965641063 0.02652403734540293 0.009667773141487012 0.9996014253718248 33.03381857983287
0.9996119008699169 0.009138012917633965 -0.02631623755678341 -0.8432427476402085 -0.00929934045313616 0.99993867217687 -0.006014495182335919 -0.6620227883370811 0.026259663104552366 0.006256884614474228 0.9996355743412476 34.0489773275281
0.9995938034946192 0.009138354531186993 -0.026994786378472246 -0.8774235254400112 -0.009241696610370507 0.999950427285333 -0.003705943286831694 -0.684148195674941 0.02695958195000262 0.00395391557139145 0.9996287048163106 35.096633412111686
0.9995715718711261 0.008771340468668141 -0.027923758584141502 -0.9102660634975989 -0.008866879085153892 0.9999552451223978 -0.0032994253285103213 -0.7040907250860622 0.02789356847683711 0.0035456083528594895 0.9996046105831222 36.18849146835134
0.999581516637544 0.008471369633427659 -0.027659130375298217 -0.9544599638218264 -0.00859996243437708 0.9999527426450717 -0.0045335551976324 -0.7264816251903746 0.02761941785612495 0.004769525462404941 0.9996071325196471 37.20604922315462
0.999558542134477 0.009175770959141598 -0.028258203646036213 -0.9902163775311569 -0.009320748150791886 0.9999440452376361 -0.005003003868240222 -0.7502174647993299 0.02821071604736427 0.005264182852210328 0.9995881371239819 38.24619355166374
0.9995276341518723 0.008634836830236586 -0.029494883618564924 -1.0171282825888892 -0.008751089833711862 0.9999544323850923 -0.0038146533438991543 -0.7730897884965222 0.029460600697878522 0.0040709638081184675 0.9995576522943497 39.3048035761027
0.9994950902479317 0.008412959079712783 -0.03063962613672469 -1.0543435039404148 -0.008465425624746614 0.9999629145624768 -0.0015830567622535621 -0.7983015700933 0.03062517166102271 0.0018416349376871742 0.9995292428145803 40.3866190148067
0.9994764963260151 0.008803701509720348 -0.031132428938279326 -1.0988932699795912 -0.00877745897828856 0.9999609976367254 0.000979499490755272 -0.8219847388271351 0.031139837921122345 -0.0007057231012724971 0.9995147885094795 41.46904376099731
0.9994361621535537 0.009923119211792454 -0.03207630722012966 -1.1284425701861627 -0.009905999224385006 0.9999506945257061 0.0006926015649379211 -0.8413025599050342 0.03208159845048429 -0.0003744631755189141 0.9994851828907676 42.54712875823511
0.9994171146349811 0.011181006568888525 -0.03225548118989446 -1.1724249036871914 -0.01129007898953867 0.9999311403233313 -0.0032013634745148155 -0.8594464810954138 0.03221746562185153 0.0035636643770773644 0.9994745295429551 43.61550470929494
0.9993973721194707 0.012896537210131124 -0.032226882081266985 -1.2150691560761788 -0.01313451897763155 0.9998879323569752 -0.007183810835671758 -0.8837582626417892 0.03213062420679785 0.007602766265260479 0.9994547618242641 44.69049840633023
0.9994029453980885 0.013395161736703274 -0.03184842808787581 -1.2555384363166464 -0.013635816632516166 0.9998800057332465 -0.007351097853435599 -0.9098512045045466 0.03174613731441158 0.007780988172073704 0.9994656767436687 45.77504068225216
0.9993944897128092 0.014042399862607823 -0.03183496407675497 -1.294334444855422 -0.014196168550621056 0.999888605355668 -0.004609303459604709 -0.9356232120374809 0.031766692149986994 0.005058446994780166 0.9994825107943849 46.880106930545296
0.9993888440939565 0.014766411033136004 -0.03168424538696154 -1.3426730233354087 -0.014852359761972987 0.9998866245160871 -0.0024790166054561584 -0.9625391363067929 0.03164404699215474 0.0029480873510907787 0.9994948539491973 48.0041088050819
0.999400897501703 0.013034464891093013 -0.03206164059727286 -1.3794699334040683 -0.013084261537313862 0.9999134943691785 -0.0013438297682224294 -0.9841256751876538 0.032041350982894866 0.0017625275673415176 0.9994849900442547 49.1200859381604
0.9994074653224336 0.012870665744551918 -0.03192278529633586 -1.4198351957065916 -0.012947769797343127 0.9999137323409989 -0.002209781249890199 -1.008049919917538 0.031891590036544154 0.0026218007531772164 0.9994878951972107 50.228340927067876
0.9994372186185723 0.012765205269215346 -0.03102088932320183 -1.4610492386539653 -0.012904127967935712 0.9999075684707314 -0.004282288680267856 -1.0313555570898882 0.030963357720937265 0.004680176213434919 0.999509562950378 51.296568808476394
0.9994516364234234 0.013332028638671565 -0.030309791535314195 -1.506425963516975 -0.013547963685797993 0.9998842065586645 -0.006930090513340102 -1.053781547091199 0.030213889695054164 0.00733692625916514 0.9995165283188476 52.365517816907705
0.9994578738658936 0.012623151633358915 -0.030407472935189882 -1.535883369376884 -0.012908571650874395 0.9998742777227662 -0.00920855723310447 -1.0874112436674717 0.030287409024170032 0.009596082076677276 0.9994951666033104 53.41685983879141
0.9994803854695479 0.011231320587750355 -0.030212853216688828 -1.5750858588095291 -0.011622248538904522 0.99985059729365 -0.012794781375133001 -1.1147960202112825 0.03006463704317775 0.013139274309970682 0.9994615935943053 54.47185628137368
0.9995171799416739 0.00952773454230365 -0.0295741318710847 -1.6133038385406195 -0.009967418374866161 0.9998414498854129 -0.014755529878087696 -1.140248183284773 0.02942885611737858 0.015043183357724244 0.9994536732946093 55.52824771591135
0.9995356966621173 0.008082363852256315 -0.029377993340752383 -1.6494096501167654 -0.008450904931042749 0.9998868785371501 -0.012442360511105404 -1.1731964873367307 0.02927410637433869 0.01268485411037682 0.9994909310104727 56.56453201914621
0.9995549181435804 0.006766912954299795 -0.029054681275888762 -1.6863374010288186 -0.00695458799338716 0.9999555708010782 -0.006363185502448078 -1.2029684068289073 0.029010331277267997 0.006562416701585284 0.9995575698108724 57.62676732317157
0.9995727874429553 0.00579316488426107 -0.028647545167751882 -1.7220152950555099 -0.005810437290233576 0.9999829842102742 -0.0005197195566770661 -1.2239438167576608 0.028644046886062112 0.0006859522906730696 0.9995894397438597 58.70724235789089
0.9995800640237628 0.0037801067118923195 -0.028729886868739132 -1.746732187742886 -0.0037765331652817235 0.9999928529161867 0.0001786443516819647 -1.2450747845364742 0.028730356828542927 -7.006996189669738e-05 0.9995871956396323 59.76254326829581
0.9995795006678934 0.0003149313658870483 -0.028995217929060464 -1.77467993239036 -0.00040008436362147054 0.9999956244592481 -0.002931039895210437 -1.2635003116467476 0.02899416798290549 0.002941407928205773 0.999575252966168 60.82885395288355
0.9995684894628493 -0.0013143627214754778 -0.029344630234310835 -1.798308245924753 0.001137595247058373 0.9999811136132518 -0.0060397263067910835 -1.2864490074929857 0.029352014411381175 0.006003737789367392 0.9995511064385604 61.89287185131353
0.9995712564161313 0.00047602569455136324 -0.029275873107547413 -1.830710133587286 -0.0007618253976913769 0.999952158735909 -0.009751915784357527 -1.3152430788579628 0.029269830350286484 0.009770037816707908 0.999523798312139 62.91211108247575
0.9995698691040331 0.000949375415620545 -0.029311695032202108 -1.8516101003407461 -0.0013679719337013965 0.9998973264707375 -0.01426412175588201 -1.339223814587739 0.029295143490504397 0.014298083892544649 0.9994685384567503 63.95081819853724
0.9995689884824195 0.004411063889396221 -0.02902377955385339 -1.8697713635285644 -0.004839853241010424 0.9998799400443688 -0.014720099098912033 -1.3717128698399257 0.02895536366258472 0.014854225400200967 0.9994703291758729 64.88628830227303
0.9995775154598008 0.007921608739366407 -0.027964954893331992 -1.900336980797374 -0.008238291445584554 0.9999030347088432 -0.011227276344241142 -1.3975533009755001 0.027873305172931122 0.011452916442231465 0.999545851656493 65.92679049300816
0.9995871376449476 0.009559326160682648 -0.027095636883609248 -1.9485671248027605 -0.009807763847750806 0.9999109405634052 -0.009050895531366362 -1.4278826105585771 0.02700670329902373 0.00931290636518115 0.9995918705911687 66.95624298365055
0.9996041303939562 0.009122389973852547 -0.02661511789381048 -1.9892249029011337 -0.00935338869835129 0.9999195512298247 -0.00856768277949322 -1.4532316042637463 0.026534818996821172 0.0088132326372002 0.999609038730287 68.0216437393013
0.9996242854253502 0.007509205434118662 -0.02636095259280611 -2.020880306036746 -0.007710207265172613 0.9999419118687254 -0.00753163941332234 -1.4821612871197702 0.026302864706721156 0.007732058074822026 0.9996241166489268 69.08446061944478
0.999602714743575 0.006578603566300407 -0.027406835869670878 -2.0289506892094815 -0.00675173408714326 0.9999578039855894 -0.0062293125735672136 -1.5076679925665426 0.02736469923251783 0.006411881427486262 0.9996049524749633 70.15470299802001
0.9995929537814404 0.005585575465293429 -0.027977278230933256 -2.060704285081165 -0.005704763578051813 0.9999749822480979 -0.004182170541746585 -1.5346570235295025 0.02795321847315824 0.004340071962907246 0.9995998106003966 71.22975934768111
0.9995843387147996 0.004485144782590994 -0.028478645901280145 -2.0958191460551188 -0.004550192891460236 0.999987184240567 -0.0022197070253319887 -1.566445017932268 0.02846832521842205 0.0023483677111956636 0.9995919365562885 72.31522774528835
0.9995673357231194 0.003992909453849477 -0.029141002547483988 -2.1208653276779104 -0.004094989721698107 0.9999856843792535 -0.0034441393323359484 -1.5914320469019703 0.029126833239443182 0.0035619812821943418 0.999569377219404 73.39040016219991
0.9995561257445681 0.00437220616872223 -0.02946922631698339 -2.1647878335391226 -0.004584285927412401 0.9999640521323876 -0.007132935266548621 -1.6208466365422323 0.02943698029756389 0.007264864499714987 0.9995402372765 74.46204819271097
0.9995556756616663 0.005076165334655502 -0.029371479330118768 -2.2143505897572813 -0.005347183486810494 0.9999437853310869 -0.009156080302249615 -1.6478728986376854 0.02932335044470066 0.009309066722184635 0.9995266291577526 75.53339178607207
0.999527963370959 0.0077590685483444905 -0.02972620552239676 -2.2619049416298362 -0.007985962905836688 0.9999398223989474 -0.00752170042166302 -1.6748926690341777 0.029666055281487764 0.007755542278184284 0.9995297778095493 76.6330686531223
0.9995001688424766 0.00861283020970349 -0.03041762054524252 -2.3000100302793856 -0.008719304690323122 0.9999563090956142 -0.0033695141488948054 -1.7012335381709796 0.030387270518638446 0.0036330504622248 0.9995315976670103 77.74518780370636
0.9994752278222451 0.01038375547093954 -0.030683001678219794 -2.349434800124954 -0.010375015877938558 0.9999460794871298 0.00044403136960337113 -1.7242289935136101 0.030685957948196743 -0.00012546172470148182 0.9995290672332432 78.89810260987083
0.9994470164263762 0.011486671271353785 -0.0312044506363046 -2.3948447351313327 -0.011455005141334166 0.9999336771527269 0.0011933788352655901 -1.7514311470261965 0.03121608901867415 -0.0008352717739024647 0.9995123101330179 80.0407476216653
0.9994436648400087 0.011842884270683182 -0.031178628951873073 -2.445564916764379 -0.01188145998674728 0.9999288592938813 -0.0010522641428685842 -1.7697649161724613 0.031163949039727915 0.001422126363660363 0.9995132744675557 81.14410312930337
0.9994354934793189 0.011762356834236223 -0.03146968915399305 -2.493189896046026 -0.011820443368894963 0.999928757582569 -0.0016603848795051887 -1.7980680792210182 0.03144791713782748 0.0020314332598940963 0.999503327551541 82.26183517202642
0.9994338048943835 0.01132167520366516 -0.03168421223437055 -2.548041074359124 -0.011376145181791275 0.999934104601929 -0.0015394072712187426 -1.8311370053564957 0.03166469572146236 0.0018989798647038364 0.9994967438267827 83.36883826974831
0.9994197903419565 0.010389904535976598 -0.03243659286312245 -2.595054498297311 -0.010420295532329616 0.9999454122973426 -0.0007680276830777851 -1.8645672612401463 0.03242684248972831 0.0011055809496927007 0.9994735001874288 84.48322687741395
0.999423336929266 0.009224063312009697 -0.03267889620507521 -2.635682889527023 -0.009217206449959088 0.9999574556795097 0.0003604666769360479 -1.8811209582048138 0.032680830871092206 -5.9050676237560786e-05 0.9994658372383683 85.59705516775969
0.9993888559085032 0.009085212301959932 -0.03375460862336126 -2.6711350665106526 -0.008985401444044984 0.999954802058804 0.0031074749287089863 -1.9070772269374099 0.03378131505399646 -0.002802277104700583 0.9994253198694992 86.69375081239612
0.9993579699264687 0.008288972343990517 -0.03485600209321939 -2.697960795210975 -0.008149783551725747 0.9999582469892727 0.004133437577290383 -1.9362503064705332 0.03488880869995436 -0.003846714913521752 0.9993837970529 87.73999631100908
0.9993160483791089 0.007507669780312961 -0.0362087053956148 -2.750821538861387 -0.0073563551662121866 0.9999636516905693 0.004310375428526525 -1.9579826425272626 0.03623975014573406 -0.004041063243267951 0.9993349540155385 88.76035996579614
0.9992019124328242 0.006955224336665045 -0.03933399350444081 -2.786198372005557 -0.006817051389217149 0.9999701173595663 0.003645846713274988 -1.9831893923824757 0.039358175782644514 -0.00337479515327969 0.9992194677630816 89.74735180745297
0.9990819409565985 0.006874779687871469 -0.042284898706666844 -2.8504230479439245 -0.006762966462448441 0.9999732477524939 0.00278676586063056 -2.002550575883635 0.04230292589192488 -0.0024982360932104424 0.9991017071737017 90.77018965539804
0.9989414424485545 0.006571835278782095 -0.04552807419453851 -2.8969657373006674 -0.006425681534149291 0.9999737242732255 0.0033557979620234763 -2.027161343340481 0.04554893166273615 -0.0030596967511136463 0.9989574230567462 91.72654159619988
0.9987748298779132 0.00733444019378086 -0.0489391989041783 -2.9551796869996405 -0.007130077398497422 0.999965122958602 0.0043491220590653945 -2.0428117824756336 0.04896939042535026 -0.003994853368655289 0.9987922906930813 92.65653089802517
0.9986188442418432 0.008291857933203736 -0.05188110462484731 -3.007751142495334 -0.008018480941402787 0.999952861807439 0.0054752284436513235 -2.062587297815438 0.05192405885975428 -0.005051658651707109 0.9986382592592754 93.53163089342146
0.9984875025251767 0.009401901567760015 -0.054169286020205154 -3.079516700948118 -0.009043527099034773 0.9999355949398447 0.006857156109690613 -2.0740654462855197 0.05423026755085898 -0.0063569032723323786 0.9985082212291236 94.40825581564805
0.9983077678871257 0.010953831176774292 -0.057110543324053194 -3.130901947364657 -0.010531380438049898 0.9999149517180141 0.007692812023869976 -2.0898174666483293 0.05718995193464481 -0.007078341141556781 0.9983382224899519 95.23225510785339
0.9980847247042052 0.013047960752661169 -0.0604701003167761 -3.1819416206414264 -0.012574443529268476 0.999887278012737 0.008204549848258184 -2.1092219531934155 0.06057033665131221 -0.007428458014979438 0.9981362894562378 96.04459051973697
0.9978819114398919 0.01478340691742838 -0.06334936227756492 -3.2355652863442828 -0.01435311101471236 0.9998707612806796 0.007242164054821188 -2.1306084301470243 0.06344823894530009 -0.006317564080506387 0.997965134340288 96.8228087915959
0.9976940962455418 0.01615276980726344 -0.06592100078379215 -3.294185456089955 -0.015954609820552964 0.9998664809244973 0.00353139478677784 -2.1469253263570263 0.06596924087980106 -0.002471507883796053 0.997818596191975 97.54048413662167
0.9974675103980432 0.018439800638852148 -0.06869162578306555 -3.3517316469589167 -0.01849965686767115 0.9998288390199742 -0.00023528653346967842 -2.1614517673538454 0.06867552982030718 0.0015054621794380843 0.9976379128659489 98.25444861868344
0.9973183990665824 0.020017621981540792 -0.07039393222050079 -3.4215048967711086 -0.020287465917368463 0.999789318670454 -0.0031204164985494448 -2.171669099072051 0.07031663821537608 0.004540163287465959 0.9975143895239865 98.94039410161963
0.9972537640623268 0.02179547684263556 -0.0707805570246111 -3.486855041084536 -0.022121847901363696 0.9997479444414004 -0.003830330354818166 -2.1954047877357286 0.07067923251522461 0.00538560808081557 0.9974845569314137 99.6289750993061
0.9972787878274362 0.024177847680908873 -0.0696451795241388 -3.5395955915722026 -0.0244640752645339 0.9996953953932882 -0.003259670368548839 -2.217033589914227 0.06954515346796017 0.004954605027552634 0.9975665007998911 100.28815957901563
0.9973127945727477 0.02791083138571429 -0.06773607069240324 -3.5803891197099564 -0.028095572401251025 0.9996036636386385 -0.0017760776056391279 -2.232598195354488 0.0676596526220336 0.003674388598571431 0.9977016940325862 100.91313222931625
0.9975580778114719 0.03060222100934028 -0.06278045446130066 -3.622854235448982 -0.03068311014881415 0.9995291098496769 -0.00032452228343330785 -2.246766134900248 0.06274096066102228 0.002250029424696041 0.998027308856286 101.5181627711412
0.9980054636304254 0.03102471407151793 -0.054977828991243524 -3.6573802577128958 -0.030982881041585034 0.9995186133385183 0.0016132799549299912 -2.2635011519100017 0.05500141494700925 9.330932617334537e-05 0.9984862721375777 102.14189231055408
0.9985067534768861 0.030906697353005108 -0.045044858971575556 -3.688056215277884 -0.030746413924712248 0.9995181945489292 0.0042469749732997435 -2.278634496976586 0.04515441608314616 -0.00285566531356806 0.9989759375899939 102.73283370134024
0.9989881231929846 0.03002746448183537 -0.033482549128476743 -3.7009476204857394 -0.02986436521588518 0.9995395847700175 0.005360799197740564 -2.2890730912452364 0.033628104460423996 -0.004355439653834942 0.9994249250122897 103.28359823126634
0.9993889932634338 0.0291275508375287 -0.019319056035374746 -3.723600933862962 -0.02902779780929828 0.9995638885515574 0.005423989125844201 -2.3031651982373766 0.01946861829287005 -0.004859885379489185 0.9997986569384184 103.8085236616096
0.9995649668302554 0.029218399532411784 -0.004020225663469212 -3.7181102168927573 -0.02919927969755866 0.9995623944775772 0.004735146397054829 -2.3191237972673218 0.004156819789791188 -0.004615698757714893 0.9999807079010143 104.31522296971823
0.99951693870874 0.027893247909357648 0.013706055426886504 -3.701080375757391 -0.027922518952681556 0.9996081906246979 0.0019488897766624688 -2.3379123396773998 -0.013646324400183244 -0.002330655935875453 0.999904168344784 104.78931172252248
0.9989357342691715 0.027621970147183088 0.03693813158902655 -3.7021239079415516 -0.0275274960730889 0.9996163512472915 -0.003063866675422678 -2.345981348113077 -0.037008590354758404 0.002043791634850756 0.9993128574954431 105.25749485350171
0.997770112091886 0.0256067319309167 0.061636829054972385 -3.6659119213544518 -0.025178244063683883 0.9996531792828818 -0.007718625234017911 -2.3595982008778704 -0.06181310089296126 0.006149506439682368 0.9980687972923239 105.70651599491676
0.9957995312361215 0.023173937876549512 0.08857912955772729 -3.6095789848449487 -0.022341061651456953 0.9996964927602804 -0.010382645476265702 -2.374597073852138 -0.0887928519318798 0.008360081703773177 0.996015029243892 106.13285218924379
0.9929765584419257 0.02039340934530412 0.11654039316946715 -3.5134745435793335 -0.01913696266137001 0.9997461688136063 -0.011890105240014508 -2.3835239358164397 -0.11675329136652475 0.009576366628115033 0.9931147779372176 106.53798868723707
0.9886816679809786 0.018014707736512463 0.14894304180964124 -3.4237441221114824 -0.016124329152103666 0.9997735131576693 -0.013889866729797928 -2.396861629365643 -0.1491595300600514 0.011331049975394528 0.9887482196690528 106.94942721626083
0.9823865804167059 0.015563104138156938 0.18621062377519243 -3.337185644388098 -0.012870747061440188 0.9997945499219363 -0.01565892130634708 -2.4097176983784223 -0.1864160682109839 0.012986444316391756 0.9823850577939266 107.36132704948847
0.9745866578282979 0.012542307618501041 0.22365942167201733 -3.198264151420712 -0.009085257765489666 0.9998229322784351 -0.01647914383368535 -2.4248716654304303 -0.2238265052990676 0.014028350215171253 0.97452804008702 107.74843021527758
0.964605575962785 0.010404066700137448 0.26349162836339485 -3.0648327953813777 -0.0060169610904089 0.9998296077656083 -0.017451407235852128 -2.4419247900102534 -0.26362829704098806 0.015248305852587836 0.9645038155279096 108.11631358798896
0.9521515380392174 0.011535824851441463 0.3054085351697628 -2.9261372309701237 -0.006071485106001353 0.9998041570532576 -0.01883572689431199 -2.4547116803244537 -0.30556600870867806 0.01608018295997557 0.9520351054650366 108.47511281293185
0.9369427792807954 0.014008101957521042 0.3492019493546923 -2.766951632514595 -0.007713826453956273 0.999781871579784 -0.019408919131859194 -2.4713937451227532 -0.3493976606032285 0.015491363399533688 0.9368464614999709 108.81466802104693
0.9187290639203395 0.014245902761465739 0.3946314247022889 -2.603690297894685 -0.007700605181563368 0.9998053532970451 -0.018164696485572642 -2.4867298334921912 -0.3948133834964143 0.01364953380471564 0.9186599384097627 109.14684659629332
0.8989833992530005 0.01310538757328447 0.437786588058685 -2.399034131198216 -0.006206023262134103 0.9998330381235517 -0.017186656216476318 -2.4982885832494004 -0.4379387321792658 0.01273360487793684 0.8989146356379072 109.45833387501057
0.8759952950906489 0.011870207379625826 0.48217355916288335 -2.1913312082763894 -0.0037238407653872063 0.9998337647924385 -0.017848691574948995 -2.513920726661117 -0.4823052726116465 0.013839832287575451 0.875893876593083 109.7568417881589
0.8505667500597974 0.012829560469727393 0.5257105725309872 -1.9807754038267948 -0.002495730937130675 0.9997895751842625 -0.020361156154950648 -2.527240920473494 -0.5258611746647565 0.01600649027833273 0.8504197888391202 110.04052712574327
0.8235442171160944 0.015340618180513608 0.5670446083761573 -1.7464411197052017 -0.0021336763590527235 0.9997109529581434 -0.023946982288396222 -2.5447479732564373 -0.5672480673213692 0.018511509105568348 0.823338906010646 110.30728457834738
0.7929642914169474 0.020011354432505107 0.6089393879782998 -1.5065539436443287 -0.003375022514286352 0.9995894003933669 -0.02845417094666173 -2.560974795013829 -0.6092587642050317 0.020507957358311645 0.7927062393625706 110.57089992520658
0.7588722394961731 0.02648839719839911 0.6507006139046696 -1.249136542414022 -0.00674772455838784 0.9994386580543614 -0.03281519464799623 -2.5736826505866053 -0.6512045702660135 0.02051179173942304 0.7586249890850529 110.83889033429787
0.7202651566245204 0.030634681710509516 0.6930220923095752 -0.9808000185733501 -0.009103745404239584 0.9993558091162051 -0.03471438614344095 -2.5963969222640646 -0.6936391179657222 0.018694466084827947 0.7200800587195418 111.10229969393085
0.6816855545747943 0.031435469994349464 0.7309696408950783 -0.659132641346488 -0.006309383489496859 0.999291984070286 -0.03709073001249959 -2.601040801449292 -0.7316180672755648 0.020672247074565702 0.681401248778468 111.34112571719066
0.6411946462405738 0.02894829915504215 0.766832068714165 -0.30765283811258365 -0.0005756344026029357 0.9993060734812174 -0.03724298791172441 -2.6029538806790975 -0.7673780647617285 0.023438589539226756 0.6407663679087381 111.56883399108797
0.5976740022256583 0.02685666163078382 0.8012892778451508 0.061781630316161185 0.000562706086975758 0.9994244865175238 -0.033917239142507175 -2.6260198994907706 -0.8017390288774892 0.02072234241681659 0.5973149203722781 111.78922667201785
0.5520995318824076 0.025592048026692994 0.8333853574265723 0.47864459789323494 0.002468056230717236 0.9994742848042227 -0.03232742973908897 -2.63243321182882 -0.8337745592146985 0.019904800749895358 0.5517461221553281 112.01285287569526
0.5047482285340779 0.022918292040360392 0.8629623269191148 0.8803809929979531 0.004274232521384779 0.9995689300879139 -0.029046255167621937 -2.6534132485986595 -0.8632560203833278 0.018349547483851217 0.5044326886504064 112.19019517487604
0.4536667305419758 0.019019214637488988 0.8909684433659354 1.2958828918843541 0.007079445705647313 0.9996637766959431 -0.02494423802225039 -2.672974902000078 -0.8911432988290116 0.01762393362966709 0.45337955171750366 112.36334969198131
0.4025176374562941 0.019184316912807926 0.9152111852032747 1.7094245175198335 0.005939722812318858 0.9997045961618678 -0.023567776852212948 -2.6849613672764248 -0.9153929600065289 0.014922546613488777 0.4022847826764691 112.50389152304338
0.3515090797637803 0.02407812019514044 0.9358747838100345 2.105049038093645 0.0025125145002534446 0.9996413378680628 -0.02666238729449585 -2.7060735638561266 -0.936181101130815 0.011723470186935423 0.35132251014170884 112.62246715758798
0.30098705853627555 0.029114371282593855 0.9531836884769325 2.5172940866214004 0.0021452751291889034 0.9995106466079977 -0.03120681194688369 -2.721651142163558 -0.9536258115153445 0.011437687794622937 0.3007773111616186 112.7241012100976
0.25486447557306424 0.03127136316792081 0.9664710036708173 2.9279294041175397 0.0036643917775725774 0.999438537247192 -0.033304391573781095 -2.7406701660041795 -0.9669698399245793 0.01202963469184317 0.2546067881369509 112.79188249807504
0.21379751689221285 0.031024036024503196 0.9763852369630873 3.3519452338248295 0.011126132592037494 0.9993534138378282 -0.034190107110528244 -2.7564075086819417 -0.9768146348945984 0.0181731516098665 0.21331410083793567 112.84758176172048
0.17913385427734246 0.031033122978059442 0.9833351450700633 3.765849928649857 0.01778631187161053 0.99923687881648 -0.0347750934306618 -2.778349754899573 -0.9836639209413698 0.023719302083618384 0.17844518863482084 112.88198456972074
0.14875002527679987 0.03250726832653063 0.9883403803781816 4.26396982828793 0.023428055313231843 0.9990631543348197 -0.03638598459306229 -2.784483472119865 -0.9885972669415951 0.028567309227737585 0.1478490873799886 112.94150362710596
0.12134182931489552 0.030961792984270983 0.992127777977063 4.754650269559616 0.022661765179760582 0.9991664685949935 -0.033953091675918284 -2.7993318638500297 -0.9923520569119874 0.026603296987683937 0.12053903820726745 112.98255056050003
0.09615744907246415 0.02752394381761936 0.9949855162285487 5.269505519807178 0.016310886898193492 0.9994398147108458 -0.029223479247867043 -2.8191967190581653 -0.9952324853804115 0.019039151438039196 0.09565464314945044 113.02802784340972
0.07216109487338043 0.023509996865947035 0.9971158691115235 5.820507189891625 0.011517443200027672 0.9996358564934706 -0.02440292840428608 -2.840455218125012 -0.9973264886128362 0.013245167418105257 0.07186404282572252 113.0694367762623
0.049461004501193104 0.02144778861419177 0.9985457432673202 6.402248843413412 0.015738428132779224 0.9996285369439942 -0.022250618129026394 -2.858063615611829 -0.9986520469681333 0.016816078341136565 0.04910507708559709 113.08788802321256
0.029552097342599486 0.021659519921083108 0.9993285439430981 6.942884397479232 0.02288213445916411 0.9994885430259076 -0.022339657171624925 -2.8937878590071917 -0.9993012966394299 0.023526953834719734 0.02904136666915992 113.06770832716632
0.012469744715294053 0.024021973762330215 0.9996336580184204 7.539696991150196 0.028677449109943576 0.9992915663874502 -0.024371484556110552 -2.914749407810948 -0.999510935097401 0.0289708495471561 0.011772021798908655 113.05182545108921
-0.0018276562755338472 0.029385884080339833 0.999566470770877 8.118264288626978 0.02831580548583141 0.9991688600003473 -0.029322420863575824 -2.940381854460676 -0.9995973563551604 0.02824993845000087 -0.002658222214945309 113.03091684625385
-0.012403862743720594 0.03415147350489227 0.9993396925202515 8.765187044491604 0.026368364264666662 0.9990801937379139 -0.03381531970311799 -2.9524108772352418 -0.9995753366080216 0.025931512452280456 -0.013292972086646556 113.02666844225425
-0.01906109867555658 0.03404474662133636 0.9992385249502547 9.452508213806746 0.028920661687501025 0.9990206739265283 -0.033485644610012945 -2.971651765737048 -0.9993999548953545 0.028260366149076847 -0.020027028243906547 113.02233290688275
-0.021521968396677617 0.030797810941093535 0.9992939005705779 10.110228406404056 0.03482137930141081 0.9989420650729962 -0.030037013354361385 -2.998201983068624 -0.9991617869093468 0.03415033629321015 -0.022571621811045467 112.9948806660743
-0.021113440035629583 0.02924248052182473 0.999349338311075 10.786078736622208 0.03665194290940669 0.9989228754581322 -0.028455649130305415 -3.0223859289079966 -0.9991050283783114 0.03602729825274199 -0.022162491957818928 112.98285987080268
-0.019373495728060863 0.02887486659017476 0.9993952720233698 11.487852569288204 0.035490925267088136 0.9989727637717308 -0.028174659997212793 -3.051004047799873 -0.9991821965422325 0.03492362125656563 -0.020378390303629444 112.9752145071265
-0.01842565474780641 0.029341209785694083 0.999399614096092 12.221981328294946 0.031225115908925904 0.9990986163846189 -0.028756684002458406 -3.07696590093788 -0.9993425275567874 0.03067650805836361 -0.01932522884098006 112.98567924539881
-0.017323268357734893 0.030471578422551243 0.9993855048387661 12.94778480245606 0.029498158056863098 0.9991159761856307 -0.02995204169817948 -3.1049257430538852 -0.9994147102402777 0.028961164325270444 -0.018206809612514037 112.98036714004067
-0.016345840868964755 0.03157209941575519 0.9993678081791304 13.69939489501464 0.028535847261498715 0.9991089382982111 -0.03109718369390708 -3.1342347746971626 -0.9994591131743985 0.02800949751612312 -0.01723221232283529 112.97519118149854
-0.01569876277949587 0.030973192650358472 0.9993969232413256 14.434422062451373 0.028310631559581745 0.9991331337649735 -0.030520307234428543 -3.17002318581409 -0.9994758911489015 0.02781442701243237 -0.016562024697458436 112.96373536007037
-0.015373185381542746 0.02978682125113544 0.9994380473300828 15.203193541569208 0.02756819100002325 0.9991888003012714 -0.029355343593542554 -3.1996249845421176 -0.9995017058595798 0.027101413842481572 -0.01618188343572716 112.96118634430631
