1.0 0.0 0.0 0.0 0.0 1.0 0.0 0.0 0.0 0.0 1.0 0.0
0.9999977258297637 0.0008577054734444285 0.0019526076467176537 -0.014287043974167512 -0.0008555874884107961 0.9999990450761694 -0.00108527268402802 -0.021903432959053983 -0.0019535366264473372 0.0010835995892608773 0.9999975047501765 1.1971913589278633
0.9999937396776627 0.0013928255078048692 0.003252789969780899 -0.0024504435581301377 -0.0013904335200122758 0.9999987613855814 -0.0007375106300903766 -0.03965164866165255 -0.0032538131644461897 0.0007329832248285804 0.9999944377022719 2.410228255881208
0.999990118606581 0.0007346750877281245 0.004384397531138546 -0.0011634197258629493 -0.0007328825385970983 0.999999647211059 -0.00041043993684154967 -0.06157012914184258 -0.004384697524368171 0.0004072226327302312 0.9999903042516698 3.606137362025474
0.999984392656368 0.0004952999024040524 0.005564990717013252 0.0006451057030734844 -0.000491428929393736 0.9999996363862835 -0.0006969396733798225 -0.0793207963862952 -0.005565333887658491 0.0006941939985727406 0.9999842724530279 4.810181562747571
0.9999778295837075 0.0002198392734147512 0.006655224395184164 -0.007221980776902309 -0.0002165745927032237 0.9999998558791467 -0.0004912607574004851 -0.10578078791429904 -0.0066553314344354976 0.0004898085134322757 0.9999777330776511 6.006972407895362
0.9999718863359687 0.0006589826306836491 0.007469422974720784 -0.0010349341081442526 -0.0006472984832450771 0.9999985634253329 -0.0015665733127060875 -0.12781869668984702 -0.007470444588939734 0.001561694324428056 0.9999708763601473 7.221627432544892
0.9999630085215159 5.7550698629747455e-06 0.008601253134056127 -0.0007601577912249103 1.0278588645286202e-05 0.9999982625822761 -0.001864061903530278 -0.15320931631733892 -0.00860124891789297 0.0018640813578673025 0.9999612711089085 8.436375114556586
0.9999611363596015 -0.00017434402984840922 0.008814497976168373 0.006008654064126473 0.00017780129072126488 0.9999999075798262 -0.0003914422569195317 -0.17713520235304467 -0.00881442891591042 0.00039299427316567175 0.999961074941614 9.66214472321343
0.9999751469658058 -0.0008362482818753298 0.007000438523711571 0.01577066271043012 0.0008307973907241157 0.9999993494995091 0.0007815217558329702 -0.20415838736263373 -0.00700108751614843 -0.000775686386586602 0.9999751912343733 10.887050791026123
0.9999875803138164 -0.0018713528961149968 0.00461922682441893 0.024866154464766192 0.0018716675720579694 0.9999982463934185 -6.380116150122717e-05 -0.21669606598137522 -0.004619099329624006 7.244602616609294e-05 0.9999893292795462 12.11629964067513
0.9999953868214349 -0.0013406178198094303 0.0027256338178942145 0.019243645519637857 0.0013412203619922304 0.9999990765284477 -0.0002192491569547272 -0.24087155449974693 -0.0027253373715221065 0.0002229038210951412 0.9999962614180606 13.327687649928805
0.9999985663067131 -0.0009423397676289363 0.0014069045025868275 0.02162632853950892 0.0009427567651205827 0.9999995118677796 -0.0002957598429966807 -0.2611618243017887 -0.0014066251095696625 0.0002970857877054862 0.9999989665723843 14.533842326425463
0.9999994574689509 0.0005045656283744073 0.0009113041914508649 0.007957197045266387 -0.0005040991531084173 0.9999997418527071 -0.0005120337517844316 -0.2834165628389679 -0.0009115623108318522 0.0005115740863190952 0.9999994536729049 15.731467484551548
0.9999995518072298 9.716636532345517e-05 0.0009417770625086308 -0.007605155066567436 -9.681204678974075e-05 0.999999924527296 -0.00037626165054007924 -0.30663982488953284 -0.0009418135514074224 0.0003761703065380938 0.9999994857414354 16.923639051454863
0.9999997730547784 -0.0005169743772435028 -0.0004320044949018729 -0.005410400036686686 0.0005169954318952735 0.9999998651755666 4.8626864701812925e-05 -0.3279211189156319 0.00043197929781364384 -4.885019801569395e-05 0.999999905503768 18.106318173886823
0.9999993462570347 -0.0006444502240637652 -0.0009445471986081999 -0.006997321290264244 0.000644637573368813 0.9999997726078361 0.00019805725143572832 -0.34794675906534456 0.0009444193457851405 -0.00019866601257033424 0.9999995343018492 19.312880641454527
0.9999978118348803 -0.0008649165389105061 -0.001904795220117666 -0.013071695986919426 0.0008639547690399169 0.9999994989321359 -0.0005056853109180652 -0.37291223549133296 0.001905231641274531 0.0005040385474815529 0.9999980580168825 20.491988502689182
0.9999977953323469 -0.0012142716350091415 -0.001713147641203632 -0.027619296590443626 0.0012114674434272276 0.9999979263613755 -0.0016369543616051223 -0.3906351483996374 0.0017151317960032624 0.00163487533007256 0.9999971927488485 21.676689526670085
0.9999961334062953 -0.0006067791366869593 -0.0027138517895593153 -0.025013737172432212 0.0006037626688403573 0.9999991992526635 -0.001112189135391886 -0.4128998857106768 0.0027145244696128133 0.0011105463126099562 0.9999956990126466 22.86609648061865
0.9999939384516777 -2.7408977387292532e-05 -0.003481710592181099 -0.029714126951539205 2.2822228244322296e-05 0.999999131945812 -0.0013174167030164748 -0.4297720807821762 0.003481743678911946 0.001317329257038531 0.9999930710282863 24.06994731783491
0.9999904132530801 -4.857419038221765e-05 -0.00437847490340985 -0.04223524155192545 3.979187809208814e-05 0.9999979874744507 -0.00200585733681658 -0.4526427755987674 0.004378563524513092 0.0020056638794312314 0.9999884026796835 25.26941286000686
0.9999838908009171 0.0004917184818470295 -0.0056547636194468395 -0.04009365438225152 -0.0004992552989974197 0.9999989889362809 -0.001331491856067557 -0.47216387879157024 0.005654103182966154 0.0013342935775026423 0.999983125246544 26.466605973283748
0.9999779451373535 -0.0007904513650874665 -0.006594272174618305 -0.03354566032355353 0.000792552949603475 0.9999996359729634 0.000316091383393333 -0.4889171460351004 0.006594019919259166 -0.0003213107219029002 0.9999782075929077 27.685014871372708
0.9999727188412701 -0.0011021475466360927 -0.0073038923856455825 -0.05655883051397296 0.0011039579889182652 0.9999993609075901 0.00024384661055897622 -0.5114093882695128 0.007303618962839529 -0.00025190314848935166 0.9999732964908858 28.893508730198658
0.9999615316857395 -0.0019388174368771907 -0.008554305094638321 -0.06100322453248629 0.0019341969297803155 0.9999979790797663 -0.000548378173049525 -0.5305351552949419 0.008555351012233725 0.0005318113672160527 0.9999632608979827 30.090158665888175
0.9999476266747672 -0.0026992781481936265 -0.009872071969705964 -0.07103674246494766 0.0026869529227292223 0.9999955943850221 -0.00126154450501526 -0.5548279140610753 0.009875433736672948 0.001234952641103096 0.9999504741238374 31.272694397587696
0.9999390989217409 -0.0024045728457943896 -0.010771094512701229 -0.08601322023248707 0.0023918343931047252 0.9999964250942849 -0.0011953772989100537 -0.5814305386764009 0.010773930378847087 0.0011695418248376384 0.999941275573777 32.46502253256471
0.9999283749169918 -0.003335249189352643 -0.011494396404503756 -0.10065300542381303 0.0033278961680961662 0.9999942455465415 -0.0006587722657079057 -0.6075252721443631 0.011496527430199504 0.0006204729233414203 0.9999337202386958 33.67362986245768
0.999920054477536 -0.0037176046108126958 -0.012085696901459511 -0.1287567026100555 0.003713463320807708 0.9999930384279946 -0.0003650831587797647 -0.6310301276683101 0.012086970000844419 0.0003201741798667725 0.9999268986504432 34.86361211400669
0.9999067032922151 -0.0039334647863083225 -0.013081000193539069 -0.1274092026755979 0.003923362114297717 0.9999919852694998 -0.0007978887674780591 -0.640627103723477 0.013084033820217826 0.0007464928265072748 0.999914121716186 36.057785496755045
0.9999137154901561 -0.0038841107047828892 -0.012548914642262819 -0.1637411653739756 0.003865040660685605 0.999991339416912 -0.0015435517036429423 -0.6472709351781146 0.01255480128704012 0.001494916453701792 0.9999200679001494 37.242612540810676
0.9999079210985746 -0.005076350780228306 -0.012584911087358014 -0.18575863954317604 0.005062975755501608 0.9999865841762414 -0.001094414926820433 -0.6668447110642669 0.012590297884476217 0.0010305970545766677 0.9999202079510602 38.406182577185945
0.9999026040886118 -0.004980199812607921 -0.013037635776216978 -0.196881985655504 0.004986576222152833 0.9999874627017235 0.00045661466233538206 -0.6912791354585747 0.013035198287232359 -0.000521583354488143 0.999914902157387 39.59332974835841
0.9999034812928029 -0.004843534286572369 -0.013021838354953004 -0.21860653761204518 0.004857341326159314 0.9999876737439234 0.0010288806816764287 -0.705338301751692 0.013016694425580093 -0.0010920328890264425 0.9999146829256986 40.78052351470453
0.9999061144049624 -0.0037941239009080933 -0.013166890270267219 -0.23842101833237217 0.0038062558357854132 0.9999923543587391 0.0008964600257754112 -0.7332169733657169 0.01316338832053742 -0.0009464924140219968 0.9999129108877597 41.941540177286804
0.999916108778564 -0.003128394679190306 -0.012569349699150963 -0.2753927414063665 0.003138983121938799 0.9999947349101225 0.0008227618090287859 -0.7550106913093045 0.012566709596729198 -0.0008621477630942128 0.999920664108481 43.09358935978733
0.9999261292818926 -0.0003236792622489731 -0.012150358474545566 -0.2864997839578611 0.00035519556719851693 0.999996578225274 0.0025917897006773397 -0.7739787617384785 0.012149477990177491 -0.0025959139967801498 0.999922822729378 44.2821699431784
0.9999415161487848 -0.0006445099319681633 -0.010795781074554513 -0.2964610167638408 0.000707174574853773 0.9999829197244442 0.005801737972075699 -0.7915736799004892 0.01079185740189291 -0.005809033165986094 0.9999248926531898 45.48367837251302
0.9999631396904451 0.00014864585996876548 -0.00858470528487115 -0.32374064523548784 -7.281604024458059e-05 0.9999609876982202 0.008832767370631904 -0.8069259568568153 0.008585683330059268 -0.008831816687846028 0.9999241396504777 46.695565366209564
0.9999744846106254 0.00033669281099596725 -0.00713559847925623 -0.33647671616451796 -0.0002486334986907823 0.9999238513341764 0.012338140638312733 -0.8184302845379055 0.007139209276205816 -0.0123360516770342 0.9998984216008804 47.89149006824548
0.9999817971288147 -0.0004463771940118992 -0.006017155342749905 -0.34432152027601337 0.0005304596340268172 0.9999021421385853 0.013979440591251589 -0.8343254858356125 0.006010326413330938 -0.013982377983315433 0.9998841778337814 49.0863700636058
0.9999848589960142 -0.0023842995318859896 -0.0049595256281260046 -0.3455876689069832 0.002446181962206192 0.9999187663186458 0.012509075009936877 -0.8395695016132396 0.004929297365910567 -0.012521017512114095 0.9999094589751313 50.2734265189878
0.9999916685374168 -0.0018037547146302598 -0.0036618744754910743 -0.3571585373034063 0.0018429309558859166 0.9999408046426184 0.010723377087646707 -0.8472498443744667 0.0036423153675438223 -0.010730036328058362 0.999935797868624 51.45955184916112
0.9999973822950563 -0.0008679492190594094 -0.002117089317960987 -0.38066558349331747 0.0008886956897048101 0.9999514039340236 0.009818349675268756 -0.8468807165810213 0.0021084646068153146 -0.009820205421877021 0.999949557699024 52.673543962036504
0.9999978397817387 -0.0011629203743316638 -0.001722802383066836 -0.3946281292284298 0.001178704777349078 0.9999570805450905 0.009189544209972304 -0.8569813880332094 0.0017120417331346423 -0.009191555033949585 0.9999562911593494 53.85995459240849
0.9999953407241693 -0.0019293715641710738 -0.002365598298961044 -0.4077073725651131 0.001947814208688093 0.9999675354503466 0.007818827608285088 -0.8614279158234086 0.0023504360772246347 -0.007823398924188488 0.9999666343831275 55.013215476645534
0.9999896066544498 -0.00160077103975184 -0.00426897120493212 -0.4165160407828057 0.0016357462806885286 0.9999650249126015 0.008202029361423006 -0.8719906065722176 0.00425569232622177 -0.008208927068667613 0.9999572503858379 56.1835332391533
0.9999825281063198 -0.0017064840652825488 -0.005659628452456603 -0.42694116371002366 0.0017584857794059447 0.9999561699519478 0.009195972096244107 -0.8791828457113168 0.005643687610822161 -0.009205763801346861 0.9999416996520273 57.37308392953996
0.9999770431968897 -0.0018823199389848776 -0.006509220448293561 -0.4412337905828609 0.0019428138837400625 0.9999548687972722 0.009299776494259228 -0.8851296726430746 0.006491421524622268 -0.0093122092049797 0.9999355700275456 58.58123969884971
0.9999732153277809 -0.0010415692439044737 -0.007244567655925489 -0.46141252513701003 0.0011074188031513427 0.9999580587540563 0.009091444132462802 -0.8974145007936062 0.00723479444114024 -0.009099223391553732 0.9999324286585894 59.77425590454601
0.9999731969601416 -0.0003761330370337603 -0.007311900248497231 -0.48241141965459344 0.00044179643990059864 0.9999595741412546 0.008980807265843872 -0.9110288415318357 0.0073082266803383275 -0.008983796924406592 0.9999329383591729 60.961964052473505
0.9999734166636113 -0.0012686393152891986 -0.007180286929011274 -0.4946570996341476 0.0013275912559237264 0.9999654042295882 0.008211446000166869 -0.9185091650048276 0.007169621158221614 -0.008220760198676725 0.9999405060473363 62.16940913682289
0.9999738185732883 -0.0020291340199371376 -0.006945846462217245 -0.5167898564155345 0.002080157993527386 0.9999708494561734 0.007346644174092546 -0.9302975111676044 0.006930736661389118 -0.007360900286505835 0.9999488897120201 63.35180164529751
0.9999697257867327 -0.0024269202113766375 -0.007393075698640397 -0.5343335373399343 0.0024894053315478054 0.999961162245456 0.008454398962202176 -0.937386731478925 0.007372270416464293 -0.008472547373984788 0.9999369307960885 64.54386683030442
0.9999683202717571 -0.0026851549994967943 -0.0074932233051921635 -0.5480152902248283 0.002760377712573257 0.9999457221453065 0.01004654558465379 -0.9520333692403502 0.0074658400570017484 -0.010066911439425986 0.9999214561785909 65.76720904246247
0.9999661142453992 -0.0017119052537350932 -0.008052312795202255 -0.5466946214088664 0.0017781694061902264 0.9999645580732731 0.008229259437246967 -0.9561004430303813 0.00803793969325685 -0.008243298958841738 0.9999337175772014 66.9859080719513
0.9999650032641166 -0.00013920995276439456 -0.00836497863575218 -0.5556306450880205 0.00019885636069245723 0.9999745608643952 0.007130082762967492 -0.9672918158298175 0.008363773259441333 -0.0071314966625520915 0.9999395927015873 68.17129434967502
0.99996555777211 0.002488193294825059 -0.007917838318130005 -0.5809338908763895 -0.002429680004221486 0.9999697335679301 0.007391116502926107 -0.976829713002655 0.007935989199937887 -0.007371624122968031 0.9999413378959826 69.37818014893799
0.9999636631898778 0.004117483634790924 -0.007464491167464781 -0.5984798703331848 -0.0040582928068118255 0.9999603414537003 0.007927532989093804 -0.9933947095867715 0.007496836623942689 -0.007896951837020513 0.9999407160388648 70.56746748227849
0.9999569770670799 0.005853502818824059 -0.007195868231675644 -0.6112953290119546 -0.005794595929903347 0.99994975401188 0.008179982248739781 -1.0035900320304614 0.007243388217316485 -0.008137933173143933 0.9999406519243043 71.77799392196074
0.9999637975421611 0.00613128249320075 -0.00590008305347051 -0.6299165077436698 -0.00607801693971993 0.9999409919457568 0.009003906741903676 -1.0150462174649584 0.00595494039682628 -0.008967719973603832 0.9999420576630152 72.95746339833393
0.9999613890278358 0.007990474461740515 -0.0036568800072142174 -0.6410668722884529 -0.007953824213417419 0.999919068444518 0.009929412944879746 -1.028181737014717 0.0037359247707827365 -0.009899943379845098 0.9999440154264548 74.15263779352367
0.9999782609982832 0.006458437111148511 -0.0013289548225765208 -0.6427216578955426 -0.0064476160262656665 0.9999472782501002 0.007991806291179394 -1.047006894503784 0.0013804993360883855 -0.00798306396687559 0.9999671819171284 75.33868713859259
0.9999942461862158 0.003269755608968906 0.0009034891862221186 -0.64061927272161 -0.0032724285482837504 0.9999902262101339 0.002972994383256475 -1.0621938691867905 -0.0008937593906489936 -0.0029759338810055776 0.9999951724941911 76.53626261067228
0.999986369986702 0.004002372582143885 0.003352738361766044 -0.6448770218638606 -0.00401131344780935 0.9999884054501548 0.0026642690707222604 -1.0799636254209248 -0.0033420360907943196 -0.002677681641176023 0.9999908303658568 77.73890656492335
0.999974419821412 0.0029656232450637945 0.006508823364350465 -0.640639571573018 -0.003005966228647518 0.9999762791989751 0.006197193429820794 -1.0954424089177084 -0.006490290428957374 -0.006216600207726685 0.9999596141904953 78.92678573445976
0.9999482044637301 0.0033980192452735467 0.00959384463912885 -0.632004890716053 -0.0034693226002874937 0.9999664133216983 0.007425363912632182 -1.11100257681108 -0.009568290884277499 -0.007458263453955603 0.9999264083500368 80.16758866900749
0.999901695631185 0.0034931501361661543 0.013579284811656286 -0.619581345238448 -0.0035747949370746202 0.9999756530809801 0.005992836258979399 -1.127301386792329 -0.01355802032111507 -0.006040790295586433 0.9998898384009992 81.42548936162734
0.9998459527084269 0.0030912328520087393 0.017277590457637822 -0.6107459156959528 -0.0031448407999728665 0.9999903227108289 0.003076436418565801 -1.147689665388903 -0.017267913276075235 -0.003130297773263459 0.9998459983452151 82.64769115766909
0.9997850516315314 0.0017354921193265833 0.020660072633687687 -0.5902377202766452 -0.001730920462595316 0.9999984733572267 -0.00023916013625555294 -1.166531027379417 -0.020660456153669488 0.0002033477866948808 0.9997865293157332 83.84858555733605
0.9997268888508196 0.0009596532943962809 0.023350091524543818 -0.5624498588293434 -0.0009364419273297486 0.9999990565523249 -0.0010049731236355562 -1.1898290445835362 -0.023351033920723793 0.0009828326495610498 0.9997268443203952 85.04095760877176
0.9996498334464157 0.0004671919820256833 0.02645736612352789 -0.5336677407378664 -0.00048759372636288117 0.9999995887647399 0.0007646716363153024 -1.2124884568342207 -0.02645699799486937 -0.0007773043196209618 0.99964965015504 86.24069003231791
0.9995488264222723 0.0014704008080914587 0.02999969198693561 -0.49792055400968466 -0.001513741397386653 0.9999978431904579 0.0014220412850922699 -1.2384841129052342 -0.029997536312659646 -0.001466811473306724 0.9995488963924036 87.41507543539906
0.9994037546800397 0.0015717872266647372 0.03449151513549069 -0.47552531198941955 -0.0015408639780321758 0.9999983868022079 -0.0009231095195825496 -1.2567083463614028 -0.034492910425607044 0.000869412386632406 0.9994045643544324 88.56265790324073
0.9992934813718684 0.0015455843303798285 0.03755195410038678 -0.4206167481988412 -0.0014199757748046358 0.9999933087512206 -0.003371367910326481 -1.2717854139803346 -0.03755691356433465 0.003315663110977179 0.9992889895428926 89.72908222975435
0.9991805535332825 0.0017625284901882702 0.04043655443076386 -0.37634018016572096 -0.0016030857478329613 0.9999908142225262 -0.0039751209612040985 -1.2914699512967702 -0.040443189253519925 0.003907040298279065 0.9991742007673693 90.87673873812075
0.9990785921882882 0.0004223808442860933 0.04291606022782015 -0.33054038194299573 -0.0003024295021538976 0.9999960301255487 -0.002801476314563052 -1.3141820928546375 -0.042917073146380894 0.0027859159296741982 0.9990747537121437 91.99983153977011
0.99898395963703 -0.0006979549745169066 0.04506174926433081 -0.29775942850896236 0.0007524591394127161 0.9999990057630109 -0.0011925930717772157 -1.3460965194031853 -0.04506087208600669 0.001225288474152353 0.998983491592831 93.1158873484344
0.9988768398247446 -0.00134044306628092 0.04736308767493443 -0.22016618317009848 0.0013047531510397606 0.9999988411307771 0.0007844465055269448 -1.3696332498197359 -0.04736408429319029 -0.0007217683085641297 0.9988774312044376 94.3039171495014
0.998764026135688 -0.0030095551138546654 0.049612122260924846 -0.1569431336572219 0.002925770994768823 0.9999941687937035 0.0017613184489184593 -1.389033275353528 -0.049617133747351494 -0.001613987797047573 0.9987670074056751 95.49240275347522
0.9986488541147028 -0.005531924357150143 0.05167072660882384 -0.13383859315724972 0.005565945421124344 0.9999843776238095 -0.0005145482417668802 -1.4274887141893196 -0.05166707294734447 0.0008014494562031304 0.998664043235673 96.59556562369097
0.9985495333715253 -0.006866959344498817 0.053401069959844415 -0.06512894257354612 0.0070866942979874665 0.9999671799942969 -0.003926537683776799 -1.4479560179947584 -0.053372353961785954 0.004299279429893272 0.998565425011782 97.7564962248507
0.9984418368221202 -0.006105230319712149 0.05546732953730607 -0.002412685872966183 0.006486109406554792 0.9999565908726821 -0.006689301536891512 -1.4709003871725597 -0.055424082022376794 0.00703864568142078 0.9984380945251176 98.90996472665321
0.9983648328493162 -0.006205740701467355 0.05682560437064299 0.0906622106964111 0.006655945526765993 0.9999479193315501 -0.007736731457811649 -1.4968748812335693 -0.056774632705879534 0.008102308735896109 0.9983541424135324 100.10674798348819
0.9983413448581464 -0.006095035598004825 0.05724866538068753 0.14245161658691124 0.006519388608869166 0.9999526212506356 -0.007228611633857052 -1.5194302693532664 -0.05720189436528769 0.007589848156959337 0.9983337805994424 101.26342626613261
0.9984516533574107 -0.00604344057571709 0.05529713133467536 0.22388049871582347 0.006366033446374021 0.9999637210602109 -0.005659521320721492 -1.5384070944644663 -0.055260922232589556 0.006002781807452355 0.9984539033348385 102.43726320264423
0.9984958829370466 -0.007186712904071574 0.054353683549372846 0.25535160674407614 0.007438845766206613 0.9999624838193807 -0.0044378516700232335 -1.5652737845741556 -0.05431975084090131 0.004835505290353858 0.9985118840340204 103.58937266208025
0.9985986984793016 -0.006385488040641145 0.05253441669906112 0.2931216418501456 0.006592862494672217 0.9999711411576552 -0.003775051786013061 -1.5819218378695619 -0.05250879506858073 0.004116113985740661 0.9986119787215161 104.76707703647965
0.998730065521905 -0.006015634961017249 0.05002067930976138 0.3562144292091278 0.00619774948731531 0.9999747158740646 -0.003486475853962176 -1.5972005550891983 -0.04999844121456967 0.003792063897616753 0.9987420969036548 105.99760818516913
0.9988814316097486 -0.005917006792262132 0.046913480108195474 0.4055162473224487 0.006084964320492906 0.9999755758674868 -0.0034381503328096397 -1.6254090350593127 -0.04689199072826975 0.0037197713791363054 0.9988930395725192 107.20952517831962
0.999049542100671 -0.004607085093231218 0.04334497889451803 0.45692375578907346 0.004780573158772188 0.9999809690854553 -0.0038996906533562666 -1.6504437206543956 -0.043326187793252584 0.004103198004241883 0.9990525537815523 108.4267102329867
0.9991949087551336 -0.004418150592111975 0.03987498292348847 0.48613381741379874 0.0045612668342042174 0.9999834762728418 -0.0034988606937947867 -1.673265480832412 -0.039858865546705306 0.0036779242288079313 0.9991985506948539 109.60857760579496
0.9993749161492754 -0.003814602417263805 0.03514577897854634 0.5750468201955097 0.003908109775701356 0.9999890034158934 -0.0025922432900365886 -1.6912516214784359 -0.03513550411751259 0.002727976483020965 0.9993788343239594 110.84539124753493
0.9995080132090984 -0.0033868353613774006 0.031181098072674295 0.5949347907179001 0.0034443778994867878 0.9999924626453365 -0.0017919021752585745 -1.715460683535492 -0.031174794172029095 0.0018984200681424254 0.9995121451035882 112.07567554423366
0.9996330770162126 -0.0030694062892985025 0.026912637925551975 0.6309726774316333 0.0031059515683693546 0.9999943102915688 -0.0013162254173148082 -1.7340196586948486 -0.02690844476991607 0.0013993318139325895 0.999636922822751 113.33463360434618
0.9997482985479496 -0.0026889627629103543 0.02227350510633782 0.6447192627101938 0.0027182434654702678 0.9999954806909511 -0.0012844259964160361 -1.7549239922838202 -0.022269950671809584 0.0013446475142375022 0.9997510896318831 114.56926907185529
0.9998542142418156 -0.002174742520733364 0.016935783354559315 0.6737240390327364 0.0022011733000419985 0.9999963882785644 -0.00154216274566382 -1.7752367475226984 -0.016932368380331644 0.0015792165144354595 0.9998553900320952 115.80731000641582
0.9999105972134207 -0.0015422254201870485 0.013282285986864198 0.6321680340445597 0.0015684971488145916 0.9999968338588213 -0.0019677624427534754 -1.7916179709367301 -0.013279209200012443 0.001988419747009302 0.9999098503314847 117.01885573843307
0.9999652213940183 -0.0006003343161576014 0.008318389333526044 0.6415531895069495 0.0006226266007045184 0.9999962215253839 -0.002677549453449117 -1.8156140359538973 -0.008316750477883914 0.0026826355824871536 0.9999618168349332 118.2614978225842
0.9999897709622113 0.0011785180132849375 0.004366814195694018 0.673198597860746 -0.0011664149906504841 0.999995474680706 -0.002773101906401576 -1.8414072454973787 -0.004370062585015764 0.0027679800226995603 0.9999866203302906 119.52797750735911
0.9999938294104669 0.003136874212244945 0.0015815059750822675 0.6979888520869236 -0.003132310484084094 0.9999909472170962 -0.002879950501480034 -1.8578728066304382 -0.001590525700513543 0.0028749789627426584 0.9999946023474123 120.78943495963874
0.9999914882925565 0.004113999008701854 0.00031361533362695635 0.6917224786941558 -0.004113116467136138 0.999987719481989 -0.002764626221459473 -1.8899129878112875 -0.00032498515180364145 0.002763312753378221 0.9999961292361474 122.02923739301048
0.9999798378929255 0.006261271532005113 -0.0010584358383881815 0.6989490075426507 -0.006264087397660425 0.9999767935336153 -0.0026783583236166383 -1.912097485154867 0.0010416413471073895 0.0026849344568672293 0.9999958530465344 123.26245856595098
0.9999684909153336 0.007313366169492344 -0.0030873697161548975 0.7126213009692104 -0.0073194231534753715 0.9999713013246213 -0.001955139854252902 -1.9312157621252604 0.003072982459066014 0.0019776760149708725 0.9999933227659002 124.47942840244457
0.9999673094585624 0.007092884214692768 -0.0038821395780797782 0.6998775273269526 -0.007098004107299019 0.9999739551658298 -0.0013066475062425255 -1.963180142270125 0.003872770568926158 0.0013341602338997993 0.9999916107971059 125.71716491244217
0.9999259080636347 0.011058945976054268 -0.005087051896493683 0.6885068693241275 -0.01105550505387639 0.9999386381906047 0.000704032334507515 -1.9833919876622648 0.0050945256013366705 -0.0006477402434361686 0.9999868130337888 126.96741720484577
0.999915510578588 0.011494189767631006 -0.006070857100170621 0.6774911715983686 -0.011471347619023445 0.9999270417057792 0.0037841048264088753 -2.0026161809254828 0.006113909399766643 -0.003714144197438668 0.9999744122950005 128.24710899019922
0.9999254037656654 0.010443109679492009 -0.006334695278877895 0.6568930157540795 -0.010422995178840157 0.9999405586979244 0.0032000378731063235 -2.018663733872212 0.0063677370828288055 -0.0031337726639787044 0.9999748153795344 129.5272857849849
0.9999219805911139 0.010444141556280347 -0.006852199492015834 0.6403828466341126 -0.010434590875914838 0.9999445384033957 0.001428086299215028 -2.0318401861624547 0.006866734593554525 -0.0013564749824653067 0.9999755036657862 130.79084918608498
0.9999446803713337 0.007190258411501927 -0.007677003388650047 0.6199658860551761 -0.007170707572746339 0.9999709845943843 0.0025711713769528393 -2.0560661834538068 0.007695268023902608 -0.0025159795943705343 0.9999672258112864 132.0511476918733
0.9999443609068326 0.0052885245819818995 -0.009127244839186706 0.6172094019464472 -0.005250414972209833 0.9999774202761508 0.004194291415691163 -2.0680296021367415 0.009149220361773862 -0.004146136226160132 0.9999495493879504 133.30286480127145
0.9999579224222669 0.002106049406466172 -0.008928490400030742 0.601219404948644 -0.0020508568925100942 0.9999787617798175 0.00618627313614244 -2.087706314449304 0.008941329371651593 -0.006167701776675587 0.9999410043016841 134.55414006543882
0.9999642997955429 0.00014381549045064068 -0.00844857689178879 0.577577594335474 -8.254851171730623e-05 0.9999737030150475 0.007251652509736641 -2.101970978418148 0.008449397619650927 -0.007250696206809376 0.9999380156211586 135.80751873985662
0.9999600273036432 -0.003723359459873381 -0.008128984512970928 0.5663711810858015 0.003766281567379297 0.9999790144417139 0.005271223704154198 -2.1131278080744162 0.008109187261047928 -0.005301629043660869 0.9999530658043144 137.07440899957152
0.9999418948298764 -0.006585057599440986 -0.008534868506947214 0.5601065411328728 0.006622648790675119 0.9999684614740523 0.004383672001628173 -2.127281447365892 0.00850573259714685 -0.0044399407242153585 0.999953968660233 138.33245245457397
0.9999272679682876 -0.007802232025612057 -0.009196953238735409 0.5666688491691233 0.007839211883212347 0.9999613057437609 0.0039917129518423295 -2.136826070064065 0.00916545309883958 -0.0040635194915662805 0.9999497398763767 139.60274136319396
0.9999220386823418 -0.008147289354290675 -0.00946246445210816 0.5601034147084606 0.008188626181771295 0.9999570631202662 0.004338008431787985 -2.1499755816058723 0.009426715153494199 -0.004415154819089751 0.9999458202569461 140.8711597505603
0.9999270941289556 -0.007959352449279337 -0.009080481011026272 0.5407396767332631 0.008015451421327322 0.9999489120247368 0.006158399066684786 -2.1651279062147917 0.00903100023894103 -0.006230734237659803 0.9999398076812136 142.1447373572424
0.9999507776992785 -0.005414676070656311 -0.008314052058929971 0.5219178720630864 0.005476609123668168 0.9999572914811099 0.007444593089989004 -2.1758913478959876 0.008273386918019512 -0.007489759463346811 0.999937725346976 143.43755520774897
0.9999575694150605 -0.005306764234406194 -0.007529782391620064 0.5114217911863952 0.005350818706866758 0.9999686155191776 0.005842663419336984 -2.191993724834601 0.007498540436040671 -0.0058827060121872535 0.9999545817992443 144.75462589613048
0.9999682994358727 -0.004452289269551639 -0.006601306201678821 0.4919105992441057 0.004479317665992008 0.9999816229094786 0.00408528537302998 -2.2067047740773673 0.006582996016646857 -0.00411472521466387 0.9999698661459011 146.08943215499974
0.9999699703952475 -0.00453895283430238 -0.006281418221665645 0.48214803319450517 0.004549677923843531 0.9999882149952454 0.0016941963930362921 -2.2292569197094467 0.006273654317601065 -0.0017227239467987872 0.9999788365179058 147.40722753672043
0.9999670723180376 -0.005817616750769821 -0.005657704040785061 0.4712276769025765 0.0058049271579580335 0.9999806048105511 -0.002256728477449729 -2.2528749909360806 0.005670723089934767 0.0022238116087771355 0.9999814486087049 148.72952618032468
0.9999621439792712 -0.0059973720515228215 -0.006304136486024202 0.4687624482431752 0.005961489172220984 0.9999660108351063 -0.005695421088850196 -2.2820905190971073 0.006338079772948657 0.005657623441472819 0.9999639093696252 150.00378002784265
0.9999657260310146 -0.006093325057425564 -0.00560518982630038 0.4503770816321013 0.006055110480621282 0.9999584816017363 -0.006809604234013342 -2.3112394837193126 0.005646450239906126 0.006775430798188983 0.9999611048121746 151.29157285145695
0.9999644073567292 -0.006146581088493986 -0.005779581352211698 0.43867251593956563 0.006109329544425434 0.9999605934805752 -0.006441085195785225 -2.3438899162996574 0.005818944251479725 0.006405546573431154 0.9999625537293341 152.55736578412953
0.9999642122689311 -0.005849980437342418 -0.006111620917404431 0.4244101899040076 0.005812226139066318 0.9999640302977654 -0.0061770654815839045 -2.3711466948845072 0.006147536796446381 0.006141322295580491 0.9999622452631878 153.8254235021138
0.9999660753622382 -0.005291094556731575 -0.006312879138174968 0.40267534280585054 0.005258439307072369 0.9999727669978661 -0.00517823123185709 -2.400861693393755 0.006340105730607377 0.005144859670440353 0.9999666661835751 155.10352626204525
0.9999666064966383 -0.004823642941418757 -0.006596844726858948 0.40368752136105884 0.004791349110785607 0.9999765043555207 -0.004902418853679983 -2.423385305862082 0.006620337247839065 0.004870647358626507 0.9999662233940856 156.42179529044486
0.9999606243908346 -0.004946346566830837 -0.0073677217314511755 0.3939196436438537 0.004907846054845203 0.9999742561374173 -0.005234511393213825 -2.452120222276414 0.007393423765293307 0.005198145637109149 0.9999591574494229 157.6662105723
0.9999583615298002 -0.004722977241151147 -0.007808245167496347 0.37802713417933076 0.004685433096232324 0.9999774088783615 -0.004819590192503217 -2.481936221778306 0.007830831585269964 0.0047828045018124135 0.999957900542707 158.91676683812258
0.9999483289319904 -0.0054845218271653015 -0.008559175569282608 0.3630665960841587 0.005455120590029352 0.9999791533819561 -0.003454628903189304 -2.5099918653040363 0.008577944127042159 0.003407759063945707 0.9999574021190668 160.18272759348164
0.9999545902197762 -0.004555009623887721 -0.008370745827305359 0.3366831443926872 0.004525992248590379 0.9999836946983768 -0.0034822021124947086 -2.5333842809135314 0.008386470803903711 0.003444158055735852 0.9999589015968308 161.497522975847
0.9999522370617946 -0.004298223853002116 -0.008777748390186949 0.32157177516686897 0.004260388612550656 0.9999815736478735 -0.004324517729844188 -2.5622210605024662 0.008796174393562532 0.004286914558888785 0.9999521236937299 162.77146564858188
0.9999457224673373 -0.003576305848957379 -0.009785814004404696 0.3103921150204438 0.0035214741608648147 0.9999780370159257 -0.00561468659087378 -2.586166975386205 0.009805678915221728 0.005579921348382506 0.9999363545440055 164.03101152127488
0.9999361541299977 -0.002524383012237526 -0.011014315870523424 0.3077538508555766 0.002461244645168876 0.9999804846007829 -0.0057421853317057734 -2.6107227465217986 0.011028596396855758 0.00571470979093413 0.9999228531009372 165.31046745971994
0.9999343713494556 -0.0025823237893322333 -0.011161747076330554 0.2850565457751816 0.0025054105257860727 0.9999730609980054 -0.006899289556096691 -2.6337487120823386 0.011179262589552453 0.00687087200642398 0.9999139038966419 166.6329960528069
0.9999283032911195 -0.0019380390252530897 -0.011816610430220318 0.2869499457806235 0.0018427511591675072 0.9999657435030267 -0.008069454046347147 -2.657950625579716 0.011831844551393703 0.008047100420483592 0.9998976205738925 167.95522597037336
0.9999262796908704 -0.0014604433126627048 -0.012054139906496085 0.25547448838372266 0.0013626414948393168 0.9999661218950481 -0.008117774962127115 -2.6825163766455438 0.012065587085234876 0.008100751046028015 0.99989439414409 169.23528039815756
0.9999224127139508 -0.001053968805532081 -0.01241199831004772 0.2258294863962124 0.0009741282186966014 0.9999788089695287 -0.006436822670978433 -2.717811191936996 0.01241851949731379 0.006424232377574118 0.9999022500283974 170.50755540846896
0.9999152793152108 -0.0010222742295773744 -0.012976484399264082 0.19869767856023882 0.0009421903440310122 0.9999804839889678 -0.006176076306663685 -2.7502636570986 0.012982544793698139 0.0061633267469509406 0.9998967281345049 171.78398855846402
0.9999097614726353 -1.1296910521415585e-05 -0.013433867056742262 0.17986663110525922 -7.203424084106001e-05 0.9999807613141163 -0.006202565010406586 -2.7692805705166688 0.01343367867661423 0.006202972998490868 0.9998905237090665 173.0732747773604
0.9998997613139085 0.00046567907705842636 -0.014150988211668871 0.15700061042154093 -0.0005494811232253004 0.9999823334831371 -0.005918681619630362 -2.7995169692139172 0.014147982006801481 0.005925864039660496 0.9998823524497852 174.34098980042438
0.999887859918703 0.00035260065160989924 -0.01497141476138269 0.133128605135275 -0.00045313707509459693 0.9999773691608143 -0.006712364189111455 -2.8326452421245074 0.014968709161714428 0.00671839556714238 0.9998653913937784 175.60874448986064
0.999876795248607 0.0012337540745924742 -0.01564839206562129 0.10964137765693333 -0.001346222558287693 0.9999733264275247 -0.007178726787839213 -2.8675355154524547 0.015639117883675033 0.00719890855299146 0.999851785870018 176.88547423466625
0.9998752943066901 0.0010476465578992654 -0.015757483040766563 0.07451642164441812 -0.0011496557462181997 0.999978434118716 -0.0064660334940215836 -2.9024239060956702 0.01575036909902319 0.006483342823757302 0.9998549355476887 178.14633848100175
0.999873730427901 0.0013629480026117323 -0.01583242157459794 0.056075158572885586 -0.0014871848950492536 0.9999681775229566 -0.007837871044165418 -2.9281172208372737 0.015821235137039955 0.007860427097762116 0.9998439389247594 179.42373294659015
0.9998715174901391 -0.00018962283262141997 -0.01602849197922939 0.0389163117371712 3.98152405869863e-05 0.9999563231480576 -0.009346133476721636 -2.960032205605278 0.016029564145460768 0.009344294483772506 0.9998278537997958 180.68429010891887
0.9998615142298882 -0.0031477581227619413 -0.0163414803703916 0.014277283579809934 0.002995063337701022 0.9999517080921755 -0.009360079013782963 -2.9904446584433497 0.01637015447387168 0.009309839007293163 0.9998226567447641 181.9312201706221
0.9998635372487868 -0.002561705565517783 -0.016320065714325014 -0.010460847424922249 0.002467667193429427 0.9999802528442986 -0.005779666086856533 -3.0208578948072167 0.016334549242226364 0.0057386048869652335 0.9998501142246287 183.2059105012505
0.9998681804483532 -0.0033826761116041546 -0.01588015205228693 -0.0446173137288107 0.003359929632403597 0.9999932912986593 -0.0014588456192760292 -3.052011609499817 0.01588498031931494 0.00140529712145486 0.9998728381850633 184.49116065614797
0.9998782584197268 -0.0015558013192765558 -0.015525714855311798 -0.07629561340815083 0.0015171496294457806 0.999995721631595 -0.0025009949039041567 -3.074360404352123 0.015529539481753394 0.002477135596294559 0.9998763409555808 185.7790545607385
0.9998813034521573 -0.00039121114135423374 -0.015402141430242381 -0.1057110593704629 0.00030668009879110646 0.9999848814643243 -0.005490244994531163 -3.1041028203059775 0.01540405641742681 0.0054848697911499735 0.9998663066876798 187.03792986688762
0.9998781605341833 -9.981940922857612e-05 -0.015609424167568109 -0.13073050285733948 -1.67057669630832e-05 0.9999721382688058 -0.007464744270990353 -3.1327288808342972 0.01560973438834953 0.007464095537940399 0.9998503005300966 188.30837299848625
0.9998776846203218 -0.0003747525673349863 -0.01563570781246301 -0.15534486881069035 0.00026612345545756413 0.9999758199662071 -0.006949004332992284 -3.1694075751983397 0.015637933897732423 0.006943993334299225 0.9998536072745758 189.5802252502897
0.9998756749707436 -0.0010628323163489304 -0.015732291290420287 -0.1795546544945386 0.0009695574208469718 0.999981915791811 -0.005935322042542974 -3.2018233849678106 0.01573831503646257 0.00591933077369071 0.9998586234878425 190.8297790994946
0.9998700622856864 -0.0007828150362924158 -0.016101110067817195 -0.1839881431071215 0.0007190826571948095 0.9999918860930184 -0.003963668535719612 -3.2238033000908732 0.016104082244234968 0.0039515754766802835 0.9998625123417327 192.0627845653793
0.9998835536870854 -0.0011722007420901556 -0.015215288741432517 -0.20873537604048611 0.001118604692589047 0.9999931419627932 -0.0035305454145299086 -3.2464792681804604 0.015219322902369626 0.0035131144021503962 0.9998780076777314 193.3011021485452
0.9999034081285674 -0.0007181854607474867 -0.01388015210643011 -0.2353219548090872 0.0006625106185855358 0.9999917192135603 -0.004015293761402496 -3.2778721074033506 0.013882920893453268 0.004005710168507481 0.9998956039474877 194.53289923419166
0.9999257697024063 -0.0014609389028073028 -0.012096311113295854 -0.2672420013329181 0.0013952143463866794 0.9999842292464567 -0.005440095155526081 -3.3089605855303548 0.012104067992000556 0.0054228143888419966 0.9999120384424565 195.748052641136
0.9999400648375284 -0.0020694228989767884 -0.010751010257734585 -0.2910899497672962 0.001999499467033356 0.9999768069280406 -0.006510576616950245 -3.3462526451032697 0.010764234045115086 0.006488689765204435 0.9999210109656426 196.96620127050352
0.9999500994565755 -0.002820557830784266 -0.009583477984785708 -0.3029834014581402 0.002751740379210371 0.999970390943185 -0.007186456833712942 -3.3780622636441455 0.009603464044137854 0.007159726982269546 0.999928253320153 198.19989340575844
