1.0 0.0 0.0 0.0 0.0 1.0 0.0 0.0 0.0 0.0 1.0 0.0
0.9999786399538612 0.0004869481877167726 -0.006517861419840874 -0.008135030304267366 -0.00048476240465249594 0.9999998257423098 0.00033692842110035663 -0.00162204451136477 0.006518024350737444 -0.0003337616101186598 0.9999787017540678 0.09667594734137232
0.9999067283363583 0.0010919376570357163 -0.013614047885649985 -0.01750078735553651 -0.0010887308891806959 0.9999993778181374 0.0002429575861851387 -0.0021216788594483234 0.013614304709773732 -0.00022811289066697874 0.9999072950387843 0.1981688270755418
0.9997711294028443 0.0014625549040560776 -0.021343611355930464 -0.027809045453946052 -0.0014731777282119363 0.9999987987156354 -0.00048199031842733985 -0.0028602084536994885 0.021342880778879934 0.0005133229379045122 0.9997720829967297 0.30136259787170305
0.9995296359610835 0.0020743818564757655 -0.030597447204245936 -0.04274816319011272 -0.002132877024327953 0.9999959596151892 -0.0018792522172728357 -0.0032282224453461976 0.030593425292081748 0.0019436288767548063 0.9995300218781259 0.41167677147251164
0.9991085662610482 0.0022576129440274708 -0.04215419323847672 -0.05912910566788983 -0.0024043982617752173 0.9999912210133349 -0.003431729193603175 -0.003921833846651071 0.042146075651128524 0.003530025503366188 0.9991052233009067 0.5319641008693476
0.9984346308457603 0.002096503576790752 -0.05589179367887399 -0.07844241773676787 -0.00232965186904039 0.9999888542425927 -0.004106593814337364 -0.006207542663061904 0.05588256123388039 0.00423037390065941 0.9984283866590542 0.661740221474926
0.9974527475786638 0.001988785545673573 -0.07130260219533997 -0.1174113521800026 -0.0022857018419296313 0.9999890530073148 -0.004082821649733524 -0.005249834349830401 0.07129370178959284 0.0042353981615726715 0.9974463742415173 0.8051477461827178
0.9959461489459024 0.0003144986346719915 -0.08995092823553509 -0.1421573483577644 -0.0007139758777553857 0.9999900258022064 -0.004408915348288001 -0.004743059597838585 0.08994864444932779 0.004455265055097882 0.99593643972646 0.9570474776578394
0.9939617500932095 -0.0008564305641670878 -0.10972377079891175 -0.17747463904140573 0.00037826436615847166 0.9999903421237863 -0.004378649931404257 -0.010015800365968382 0.10972646110994672 0.004310705956250415 0.9939524744908309 1.116842445715373
0.9913051589893669 -0.0013128203364906955 -0.131576435062779 -0.22671322980342526 0.0006531472166834907 0.9999870017953814 -0.005056643056092304 -0.010849234102573746 0.13158136326919156 0.004926737566329766 0.9912931312670202 1.2860418924679624
0.9878929704502512 0.002159191134392592 -0.1551219418026487 -0.2844376332303801 -0.0031711563297003764 0.9999752742535647 -0.006276515676735539 -0.018141558414631102 0.15510455409984508 0.006692441643590833 0.9878753911917919 1.448764716541174
0.9834359570217123 0.006415595625483336 -0.18114237099463845 -0.33028181574182364 -0.007975385217554804 0.9999371175665382 -0.007883789910572207 -0.023647255985631933 0.18108040111348478 0.009197882663565228 0.983425283022095 1.6131289014344148
0.9783242688738939 0.009242526475767471 -0.2068724259941506 -0.41104118195652123 -0.011301698012011138 0.9998976370661652 -0.008774224270200127 -0.030254420172749794 0.20677015392557468 0.010922046229677173 0.9783285809745882 1.7886186036093294
0.9716464826874935 0.010267687992450033 -0.23621534087419388 -0.4890087304489651 -0.012714453943782657 0.9998801155242064 -0.008837264294460323 -0.035260257502605946 0.23609628404939656 0.011590045840652131 0.9716605454043498 1.9757201910646631
0.9635848934588146 0.011854934516869023 -0.2671396893491589 -0.5587761733452984 -0.014557106840988146 0.9998609300601751 -0.008137025231627156 -0.04268137558276602 0.26700607434735335 0.011729495590213372 0.9636234613140214 2.150004448537694
0.9541986523465972 0.013508066730489852 -0.29886864002959834 -0.658648845869392 -0.016373811056089666 0.9998408267908924 -0.007086564301725839 -0.04744229177284367 0.2987253423655858 0.011655608748909477 0.9542679480173565 2.3403380996069947
0.9431083193210233 0.015983702504855594 -0.3321012184285233 -0.7645075172326328 -0.01897884450304817 0.9998031954903636 -0.005777001695089717 -0.05222332793832122 0.3319435215346166 0.01175123574319861 0.9432260635551297 2.5312128403927074
0.9307426659444559 0.018388088476836848 -0.36521222322476277 -0.8807530782650571 -0.021890691788718927 0.9997455034488603 -0.0054521506577229015 -0.05083498037208738 0.36501902334483505 0.013069297454386022 0.9309083231234062 2.7254851495202685
0.9167317219936905 0.020745439861891486 -0.39896438013363844 -0.9978205023934794 -0.024798493825810525 0.9996799668505314 -0.004999858166990505 -0.04661366291600853 0.3987329740496174 0.0144772443046116 0.9169527931158138 2.918908269813656
0.9006058526515734 0.021213635934579096 -0.434118739310072 -1.1166983904052317 -0.025612437776127536 0.9996627637365287 -0.004285070572049091 -0.04714206725587305 0.4338814368014551 0.014977998834242504 0.9008454686293466 3.1034117158315735
0.8822702346051872 0.016154366965880133 -0.4704660131801642 -1.246504670427949 -0.02112002464491873 0.9997630165572453 -0.0052778104696112535 -0.043488517509017305 0.4702692608375597 0.014592708874187281 0.8824023317959948 3.2889995298354164
0.8612312797924976 0.010945808770146845 -0.5080953374882937 -1.3845777792949263 -0.016214520706323107 0.99985086612981 -0.005944309693405592 -0.04577561000265938 0.5079544979870145 0.01335794781522477 0.8612803220815662 3.4662618398893996
0.8365796542249074 0.012450881609566576 -0.5477038047011158 -1.5537765199607894 -0.01678886775375622 0.9998548099638935 -0.002914260045207924 -0.04849899081320316 0.5475879984591336 0.011633337406297642 0.8366672273994673 3.650857746767736
0.807242254183068 0.018379989599114983 -0.5899339954976104 -1.7253248565138333 -0.021817486090479527 0.9997611324033554 0.0012943864376602143 -0.05902940510959196 0.5898168701911889 0.011825993315349363 0.8074504353333253 3.8184784919252617
0.7748428906212674 0.021652348721746303 -0.6317829300072212 -1.9188417855119604 -0.025452288771924254 0.9996714008355001 0.0030448888086612937 -0.05993425997378976 0.6316412556585801 0.013721011129593017 0.7751393797270493 3.978749502972661
0.7390537672298759 0.020724280609241 -0.6733275824860858 -2.1267746809807866 -0.024702292240935786 0.9996881676211464 0.0036557183036429477 -0.06371768041197738 0.673193379276245 0.013930962332215845 0.739335243571635 4.149101243201163
0.6990641247742564 0.016658640131548316 -0.714864909729502 -2.341290637990425 -0.018924588428717457 0.9998094279601495 0.004792464376492806 -0.06469755401494438 0.714808512404829 0.01017828428389848 0.6992461606062861 4.326631328785731
0.6569801822083441 0.012979390332643554 -0.7537961101067601 -2.576531006693446 -0.013869115520826711 0.999890664404484 0.005129022463095268 -0.060563155644534836 0.753780264944738 0.00708481921786543 0.6570883635527959 4.482592316989875
0.6128170101614737 0.01266020161810022 -0.7901234279223343 -2.827089804570793 -0.011575096537660123 0.9999081954426364 0.007043992248136088 -0.05958609449854121 0.7901400693528299 0.004829076685764964 0.6129072938230289 4.6244359012514344
0.5653212719019295 0.013425700993830966 -0.8247615474111336 -3.0819828910374274 -0.009211517003720329 0.9999079402726244 0.009962877809424054 -0.06091502861367258 0.8248193787064376 0.0019650782629658053 0.5653928996527523 4.744835987911233
0.5141618971106057 0.013912282257327446 -0.8575803122518696 -3.3701019579462335 -0.0078020550295495 0.9999029339487078 0.01154342315260934 -0.05422736819569403 0.8576576656784091 0.0007557004411517665 0.5142205338372886 4.883340697282001
0.46110388865557045 0.015426053543818638 -0.8872120607491614 -3.6513954380681017 -0.006628345511162192 0.9998808616774413 0.013940139416818929 -0.053666310686423614 0.8873214011295428 -0.0005471044131798175 0.4611512027245149 4.989062442961981
0.4071081982158672 0.017538427243410724 -0.9132115409450633 -3.9597513403521796 -0.006712529013804101 0.9998460798672526 0.016209828139886258 -0.04569385549300717 0.9133552741949149 -0.0004691949630831853 0.40716326326968516 5.074723498048588
0.3522833531565263 0.019447244476559978 -0.9356913186361527 -4.272353035758439 -0.006310653192304527 0.9998107170466698 0.01840395976164342 -0.04293710308770455 0.9358721145247781 -0.0005785852492263733 0.3523393967384715 5.147027669011312
0.29729816460692926 0.0225556160827751 -0.9545182269105587 -4.63124252089405 -0.0036806613669830898 0.9997405660076346 0.02247784265968939 -0.0408001313132182 0.9547775940255675 -0.003169363005177885 0.297304054941889 5.214389755907195
0.2440576669991172 0.024589343491862113 -0.9694489256095888 -4.978697471725521 0.0006193110607915211 0.9996743267017439 0.02551189893408501 -0.046202111880996884 0.9697605228265156 -0.006826764977072265 0.24396295548134098 5.263372574349757
0.19333552024615758 0.024719003599217176 -0.9808212617353932 -5.353443012156192 0.002794555354917816 0.9996646428550223 0.025744752589749474 -0.04181216251561676 0.9811287209492522 -0.0077183344447474675 0.19320160517419066 5.3022274423976015
0.146478141539367 0.025792277677674 -0.9888776023671332 -5.758191928597902 0.000594642127828908 0.99965755184028 0.026161526129711486 -0.0352232455653149 0.9892137283984251 -0.004420120008948866 0.14641264319447986 5.317472918457914
0.10431993093621211 0.026113969747809492 -0.9942008914668472 -6.171366477955753 -0.0016319238633601485 0.9996583682132408 0.026086082222962638 -0.02642511323440146 0.9945424520019085 -0.0010988381361385384 0.1043269079422123 5.322062409578383
0.0663581910852252 0.024765309038522768 -0.99748848110849 -6.604905709542695 -0.0027183614790060044 0.9996927130718514 0.024639195236630124 -0.01856480334531139 0.9977921632217637 0.0010765218370975967 0.06640512114263705 5.324001034652382
0.03200881065271018 0.022022797778283264 -0.9992449311448196 -7.054073639228946 -0.002015572856304602 0.9997566094278494 0.02196951003981274 -0.010444776316414398 0.9994855544262061 0.0013108330730162065 0.03204540856339526 5.319125122565726
0.0008395303510258826 0.01910055301704169 -0.9998172153264976 -7.510758308504367 -0.002191235373325562 0.9998152024826122 0.019098674618666427 -0.0068261662722234025 0.9999972468343745 0.0021748009320747296 0.0008812290153241475 5.293826578139468
-0.02558642086201301 0.017417210946131835 -0.9995208731338878 -7.972556496647844 -0.002660720430590071 0.9998434814816951 0.01749094352377136 -0.003279824727858917 0.9996690730608121 0.0031069762502197464 -0.025536073784320882 5.2594409166405045
-0.045993401429178016 0.015152858538039505 -0.9988268107650597 -8.467318976933322 -0.003161969248856235 0.9998777280429352 0.015314402181119242 0.0026312837402801504 0.9989367392259857 0.003862621107732637 -0.045939864853241856 5.21153132908389
-0.06166119117170712 0.01418497740545997 -0.9979963346221733 -8.97342074003229 -0.0025005128931838783 0.9998936707760572 0.014366439268319832 0.013827791442819232 0.9980940060628352 0.0033813544602498964 -0.061619165066208785 5.160426633764266
-0.07485534505394068 0.014510227311079087 -0.9970888278484705 -9.495033832669673 -0.0012842611807764653 0.9998918958362085 0.014647433710024119 0.018488338343713724 0.9971935759871684 0.0023769611799066563 -0.07482861795779672 5.111159394640772
-0.08439130716943692 0.015521466908517134 -0.9963117942387526 -10.045654495213977 -0.00257518369169341 0.999871934090505 0.0157950576784135 0.021240306020877668 0.9964293631277582 0.0038986514486597586 -0.08434052889147513 5.053425207433171
-0.09107194800110069 0.017270530882746722 -0.9956945460583351 -10.591826883819973 -0.0038536613948515507 0.9998360074581766 0.01769484342803935 0.015206191437124159 0.9958368589187399 0.005448573493772042 -0.09099045810272603 4.99177418750028
-0.09553412841355066 0.018439483311224535 -0.9952553520396057 -11.170830341725054 -0.003818026491413119 0.9998142697488919 0.018890438856668742 0.020450371975368645 0.9954188329451964 0.005604592911326445 -0.09544598240011902 4.9243081867393945
-0.09675748149877948 0.01913268020834294 -0.9951240778526363 -11.749112498757393 -0.0012961655286522745 0.9998119535012902 0.019348839522129176 0.02876075062750124 0.9953071434129962 0.003161990508527217 -0.0967144874726011 4.868751023734036
-0.09529308038069252 0.021210112106989074 -0.9952232714200211 -12.35669026147341 0.0007904153816182475 0.999774275546676 0.021231420080627353 0.039626241577125916 0.995448945991248 0.0012365676384611037 -0.09528833520107145 4.8024358494867
-0.09378499106467443 0.023728861464908456 -0.995309658641259 -12.982195611508175 0.0009467170298917087 0.9997176055641082 0.02374474367156766 0.044560927962145794 0.995592024464774 0.0012846239692169035 -0.09378097122227458 4.745230266757648
-0.09213030746156607 0.023594222047277322 -0.9954673872774649 -13.630219986134174 -0.0012804403203556635 0.9997156003988428 0.02381341621363562 0.05286396410541 0.9957461357794093 0.00346857393773902 -0.092073894645631 4.678590651307775
-0.09074014482231263 0.021129056196915342 -0.995650435193926 -14.294684814236954 -0.003090352252260643 0.9997641150790857 0.021497998118103642 0.06085504324627222 0.9958698086801234 0.005027642027489821 -0.09065344436401941 4.611805798428527
-0.08907960747616253 0.02103166113667112 -0.9958024366116636 -14.978777855919832 -0.0033225493990104897 0.9997652035836739 0.021412575015225435 0.07274099475223073 0.9960189677899646 0.005216026564704817 -0.08898881317048779 4.542024317147979
-0.08731471560647598 0.023669220753510398 -0.9958995473578062 -15.672011964994455 -0.0030463448790690136 0.9997066735669422 0.024026789394224427 0.08700635353164508 0.9961761190780671 0.005131745769052818 -0.08721699928295791 4.482036292230141
-0.08554336145124884 0.027394520797783307 -0.9959577669469133 -16.385643146008864 -0.0034879822722645375 0.9996075729862248 0.027794496006496833 0.09671007738893858 0.9963283431134993 0.005851517653273074 -0.08541424032246461 4.426515840930162
-0.08380989805111223 0.02992253543177234 -0.996032400508135 -17.102705994445202 -0.004127093866021068 0.9995300564509145 0.030374880204698532 0.09795779424478569 0.9964732149359985 0.006656434823764913 -0.08364701901773555 4.368173111760672
-0.08195866469110018 0.029497300134480518 -0.996199119938795 -17.832086956520843 -0.006238307342940263 0.9995271517176557 0.030109076715889624 0.10495578650065762 0.9966162053687203 0.008682296007660694 -0.08173589745325019 4.3134773203180545
-0.08051636277307352 0.026609225789247678 -0.9963980451750659 -18.612815059012284 -0.008601135946234814 0.9995878344108267 0.02738944611170538 0.11966664922994508 0.9967161761435545 0.01077545362239643 -0.08025430713053397 4.2465164357282275
-0.07888920661401838 0.025748247743741265 -0.9965508119599014 -19.42096011379326 -0.009553930343764365 0.9996009439170227 0.026583365760967245 0.13822833445384955 0.9968376073838694 0.01161811767549895 -0.0786117284308184 4.172436516459435
-0.07722262473973301 0.028169081270833576 -0.9966158583369346 -20.211119741906185 -0.007293314340747325 0.9995580859085772 0.028817363875031875 0.14895516628130742 0.9969871984104075 0.009493985208333994 -0.07698305300928394 4.113009973982759
-0.07546582816515517 0.030221335325406183 -0.9966903128206364 -21.015080836214025 -0.005389645768462521 0.9995136511059042 0.03071502842963443 0.16174776502267496 0.9971338227629419 0.007689742784519173 -0.07526624315102945 4.040995806307395
-0.07430620086568164 0.031963911510693915 -0.9967230793323925 -21.8194862663783 -0.004614154391128257 0.9994644670556996 0.032395812573831465 0.1719725855993077 0.9972247981734931 0.007006243929557712 -0.07411892102449588 3.9800074373516523
-0.07376599222837883 0.027339611434817966 -0.9969007593723443 -22.625041688920668 -0.0045657174058970325 0.9996044232182757 0.027751600080445787 0.18155573628392258 0.9972651265411483 0.006598691464876666 -0.07361198717477234 3.9205002333349595
-0.07348260331490504 0.02040929983066445 -0.9970876428331098 -23.400099077081705 -0.00278565022770072 0.9997824770349109 0.020669754878665517 0.19066486500106902 0.9972926085973332 0.0042964048176604 -0.07340976599042731 3.8620436485333474
-0.07348562106953545 0.015711489339447327 -0.9971725089465523 -24.14618122041191 -0.00011641511367035055 0.9998757547662903 0.01576266088133354 0.2022422950305573 0.9972962698935288 0.0012744148755506467 -0.07347466177655228 3.8113325827679554
-0.07345244102964912 0.01643639792768644 -0.9971632683417243 -24.926806689607346 0.0008730057115809924 0.9998648570627996 0.016416621814869897 0.21052631733887645 0.9972983388975507 0.00033531171712108954 -0.07345686352029084 3.7517336837317172
-0.07390965822936373 0.02386186416823388 -0.996979424992731 -25.761799858421142 0.0008097209050539064 0.9997148073671507 0.023867305732199567 0.21580017317198744 0.9972646122130648 0.0009567493271970546 -0.07390790118958919 3.6912433203123487
-0.07411360540801464 0.030999454402361935 -0.996767880361412 -26.600551397776886 -0.0014728027434200725 0.9995122538957518 0.031194313012313138 0.22312852024362986 0.9972487173947655 0.0037799654743181674 -0.07403180070421506 3.619497945922978
-0.07442958520231176 0.03624631991423546 -0.99656732895439 -27.469136815426427 -0.003111030716992998 0.9993259218057194 0.036579003472273025 0.23840482526855872 0.9972214189108105 0.005822911627483836 -0.07426665042728466 3.546783725312024
-0.07465481903670597 0.03699072901311257 -0.9965231276602041 -28.32630338663006 -0.005109375289008959 0.9992844658730898 0.037475999638265194 0.24238342019169043 0.9971963459012237 0.007889374614607108 -0.07441240144920303 3.47626738556954
-0.0750703806977861 0.03339630381325206 -0.9966188463166363 -29.18680976048655 -0.0044679873632573934 0.9994177280790166 0.03382664467984545 0.26255885178948063 0.997168228049215 0.006992259505171691 -0.07487745505958929 3.4013648416890176
-0.07526039152209177 0.03049630061933541 -0.9966974712100345 -30.038746106011153 -0.004379405842911218 0.9995124810595668 0.030913120363530895 0.2825758368729192 0.9971542981266265 0.006691476270761018 -0.07509014497863907 3.3298616117096906
-0.07550450724960962 0.03189430735922699 -0.9966352505019425 -30.89113529079901 -0.0059920121579050654 0.9994557709810392 0.03243852097420512 0.29373586846164706 0.997127456835531 0.008421105080067912 -0.07527230442823582 3.2615606029680326
-0.07520635024839546 0.03429728672096312 -0.9965779954453624 -31.75147820941666 -0.007575681266213367 0.9993598338145405 0.034964719525898365 0.3025405826790337 0.9971392149222035 0.010179326193417692 -0.07489838037353891 3.1886211985791437
-0.07511065630310504 0.03259423757764381 -0.9966423656389738 -32.58864230791978 -0.008266862757505312 0.9994109511341196 0.03330780288972203 0.31282788640326425 0.9971409370243834 0.010740876590115661 -0.07479696036745247 3.1234821580530747
-0.07465869603149772 0.027412300415829805 -0.9968323053015435 -33.435369644871585 -0.009996079955442551 0.9995513101014702 0.028235737283739237 0.31947259968920505 0.9971590432285117 0.01207245875305574 -0.07435118188202995 3.0631206337829306
-0.07449905598112405 0.023239024003072793 -0.9969502687803976 -34.24928934179065 -0.011481457054735392 0.9996421773658578 0.024159747000841638 0.3319322743983761 0.9971549863495752 0.013246320041016068 -0.07420558067658478 3.005089872161131
-0.0740779260952305 0.024074212096643864 -0.9969618313543184 -35.06786402701035 -0.010889470247653625 0.9996294457949706 0.024947756158883345 0.34107619493785346 0.9971930005285612 0.012704464237560161 -0.0737883207918522 2.944494626196673
-0.07343375159012011 0.026349013040412716 -0.9969519615504038 -35.88468673260065 -0.009534398997000777 0.9995866896458687 0.027120935060864187 0.3515445639200839 0.9972545208537127 0.01149692979041797 -0.07315217865673897 2.878182351560563
-0.07340180974993532 0.03129292523946718 -0.9968113799287168 -36.71407992315857 -0.00906074722245569 0.9994454265410772 0.03204281863212406 0.3627873634617518 0.9972612883217751 0.011383856819091974 -0.07307756576896327 2.8179281712817246
-0.07315822414488254 0.03688683146749676 -0.9966379663168854 -37.54628897943528 -0.007811205142615066 0.9992639423570893 0.03755740378651898 0.3777326899835003 0.9972897569483951 0.010532576572337532 -0.07281624486720341 2.7623799999245056
-0.07312472313229629 0.04046650442335504 -0.9965014986875739 -38.407627258930944 -0.008302378203494757 0.999117168500214 0.04118196357966665 0.38653125092142593 0.9972882458863096 0.011284752007264002 -0.07272419809900404 2.693687454880041
-0.0735906098910317 0.04042347757081262 -0.9964689481348374 -39.26343101058266 -0.007530890715859584 0.9991271714349492 0.04108747966740822 0.40317540630991877 0.9972601003854975 0.010527951437763925 -0.07322195311265664 2.6460281446854315
-0.07378901863775977 0.03608357624057335 -0.9966208688634652 -40.100720062427655 -0.0069530172104128535 0.9993023061410111 0.03669545602557456 0.42210170431438965 0.9972496358887019 0.009637243742059433 -0.0734866467659793 2.595543370943383
-0.07370519186785933 0.03187328063744965 -0.9967706048400152 -40.95189579240434 -0.007794898236890211 0.9994401989748415 0.03253503088368124 0.43689570961678637 0.9972496098034829 0.010167726123962793 -0.07341548264684533 2.5333393014750674
-0.07369837824432733 0.028736629995846138 -0.9968664680591073 -41.79309800101322 -0.011119274898100422 0.9994989516186276 0.029634564936929227 0.45892582375071606 0.9972185872565239 0.01326845167087805 -0.0733419213026273 2.4648757347543655
-0.07419996105728299 0.027173074330641037 -0.9968731061727568 -42.62904601646368 -0.014407458634345309 0.9994951607833114 0.028316933210347017 0.4672533570929697 0.9971393036656399 0.016463523382346443 -0.07377100706267571 2.3957300938165984
-0.0751659081512483 0.025249885903455994 -0.9968513076249949 -43.458517073863746 -0.011802737709862106 0.9995868027961076 0.02620914074144422 0.4763535055647224 0.9971011892653373 0.013735608385327074 -0.07483683202764764 2.334061432198018
-0.0766696523794761 0.02172020897858426 -0.996819942078778 -44.28118984791174 -0.008302824016225098 0.9997141204064681 0.022421877113085457 0.48087321135627187 0.9970219794555009 0.009995498078900992 -0.07646739501767072 2.2701518198268933
-0.07682132334681446 0.020183385193673308 -0.9968405666110149 -45.103784730140326 -0.004238109051554556 0.9997794427545197 0.020569498708675353 0.488160260661272 0.9970358683171386 0.00580489513969364 -0.07671884045986029 2.18956129298067
-0.0790061550356159 0.023570919909162255 -0.9965954240318011 -45.913110411189535 -0.0038077632136426934 0.9997059933192264 0.02394635381275127 0.4958764777559372 0.9968668559069438 0.005686708736383543 -0.07889317421646899 2.1294916292280885
-0.08094163276006236 0.02958664047448047 -0.9962796207850337 -46.7512194226271 -0.0016470643013499443 0.99955399669424 0.029817693937599712 0.5040504488832928 0.9967174821710117 0.004054429430009265 -0.08085680142495297 2.065663091181185
-0.08280558684357331 0.03344412008281931 -0.9960043803213815 -47.58007682187535 0.00012954224757920333 0.9994370784067298 0.03354861434730287 0.5088761412603666 0.99656571183555 0.0026489880527943662 -0.08276330621717709 1.9903762165217036
-0.08443488201921283 0.03261597930881655 -0.995895048984646 -48.38799281281907 -6.078850891320739e-05 0.999463965618933 0.032738016647793536 0.5134415974745533 0.9964289974720516 0.002824769548263838 -0.08438763934273787 1.926157728055661
-0.08586275419533569 0.028543815177152394 -0.9958980058505619 -49.191995403144496 -0.00368852954191588 0.99957355788185 0.0289671733732523 0.5203350747732259 0.9963001466384561 0.006160600502398682 -0.08572085399504414 1.850639619078644
-0.086933654753455 0.025131073843621832 -0.9958970673712597 -49.97730894777561 -0.008421226945546732 0.999627503138545 0.025960314052956436 0.5277310423029667 0.9961785094087994 0.010643500197911193 -0.08668963776367979 1.7736176996283461
-0.08785882132887353 0.023742149974062553 -0.9958499574882314 -50.77785346970305 -0.013061165408788919 0.9996025254553346 0.02498393606860743 0.5318157446834265 0.9960473048369053 0.01520202019223567 -0.08751379953589722 1.6793860130758045
-0.08866865521435942 0.025177279513347875 -0.9957429257488027 -51.57818260946103 -0.014492199553233777 0.9995420644784317 0.026563838019050993 0.5353891225444474 0.9959557448675036 0.016785884978156345 -0.08826317652856981 1.6017221440289666
-0.08930120968308966 0.02692004931135788 -0.9956408011397547 -52.39312914607588 -0.014059725677718028 0.9995010036856499 0.02828546880015889 0.5395484380286492 0.9959054262644629 0.016524363117878083 -0.08887816020004004 1.5205143904974228
-0.09064808678150427 0.02651298124165049 -0.9955300026561402 -53.18680469778499 -0.015612139338822717 0.9994848806506752 0.028039872609724542 0.5448537491965925 0.995760606505457 0.01808411392311719 -0.09018746784058919 1.4481407334672043
-0.09075620612970837 0.026263304833941684 -0.9955267700409385 -53.98080427458867 -0.016783205970806972 0.9994698903165397 0.027897353781047088 0.5539900152474011 0.9957317083664058 0.01923998882127754 -0.09026731293150037 1.355941326826051
-0.09131262161392953 0.027823199346551582 -0.995433510944913 -54.78331091749184 -0.015319067104098388 0.9994520728012607 0.0293407627086071 0.5672535542029028 0.995704439739549 0.017928294714910704 -0.0908363634871162 1.2766925645013592
-0.09174674126356525 0.030614270741211886 -0.9953116606844826 -55.54971753214611 -0.014452831466864751 0.9993810697796537 0.032071685778343906 0.5769894519616461 0.995677483490565 0.017327544345872314 -0.09124749353727286 1.2030660560269089
-0.09210198587050421 0.03475054384764774 -0.995143016807637 -56.32299749056961 -0.014321673650974618 0.9992412436707189 0.03621914702514603 0.5858522658601161 0.9956465808019137 0.017587968890318988 -0.09153441695760337 1.1293342756034432
-0.0925050829886269 0.03722591027019744 -0.9950161009882329 -57.104528866584175 -0.014831302501386145 0.9991385157948869 0.038758982459578 0.588679316520841 0.9956017487366005 0.018342787676486148 -0.09187328258463044 1.049178621954642
-0.0934923651063654 0.03723764326384857 -0.9949233817691566 -57.88374024516899 -0.014576532567949345 0.9991420206168273 0.038765285192009044 0.600830932840838 0.9955132858807615 0.018126791273597374 -0.0928693548648286 0.977890888586522
-0.09362350189030295 0.03536757721099013 -0.9949792833903744 -58.65699328082121 -0.014327335222216587 0.9992174928546693 0.03686637273530006 0.611324737062603 0.9955045792758682 0.017706960649767494 -0.0930435176964011 0.8989994824482817
-0.09326701252593131 0.031823968064940186 -0.9951324029650989 -59.418015453543234 -0.014143134208312914 0.999345851184517 0.03328425265884189 0.6218362749769649 0.9955406752761287 0.0171786139398257 -0.09275591136877803 0.8117852683245548
-0.09329365816996171 0.029253631941375563 -0.9952087812934065 -60.14451103756336 -0.01424594301599572 0.9994267158774639 0.03071307047449604 0.6263446096783775 0.9955367127599303 0.017043022285522742 -0.09282342882334954 0.7440744235667728
-0.09201826862870602 0.026834779652924776 -0.9953956664761793 -60.91530496277998 -0.014352734988666736 0.9994972151382866 0.028272175882902244 0.6371545636654676 0.9956538742137837 0.016888206884911546 -0.09158685075539849 0.6565226194711119
-0.08990711003994648 0.026023874375130398 -0.9956100991486453 -61.606369394677294 -0.01641233757124429 0.9994841050054507 0.027607227620669243 0.6451091969217658 0.9958149159054153 0.018822375088157803 -0.08943361480074395 0.5943169924011178
-0.08591760796288575 0.027275523807608667 -0.9959288179598778 -62.28515324993726 -0.01701192568896375 0.9994392884205291 0.028839263961102122 0.6456037401992246 0.9961569951700816 0.019420467617579495 -0.08540542378107571 0.5386184464701399
-0.08018298731274143 0.02892409836588076 -0.9963604192657035 -62.95528521884796 -0.016367497702263572 0.9994059307692823 0.030329697693019533 0.6490276421497724 0.9966457713573902 0.0187398526382786 -0.07966193795360607 0.4865294736086023
-0.07239913267111123 0.030389891206319863 -0.9969126441674525 -63.62185566549248 -0.015717749475565743 0.9993767970684124 0.03160648402941868 0.6556346584042438 0.9972518828961378 0.0179575052205648 -0.0718763526228133 0.43205751771298867
-0.06352272867516907 0.03167715345272384 -0.9974775290154644 -64.27506969103786 -0.016845363334940775 0.9993196890839054 0.03280842488381889 0.661174583359467 0.997838211673502 0.018886952066862583 -0.06294590031010122 0.3857492780870435
-0.051748516466461114 0.033398828343299075 -0.998101502508046 -64.90142821485901 -0.01862043827794403 0.999234592508435 0.034402157095680376 0.6689678054763135 0.9984865398801603 0.020365348015525423 -0.05108700694255608 0.34934520572888317
-0.03699498859783345 0.03504498559224214 -0.9987007658971178 -65.51574627967534 -0.021559062617023284 0.9991243053154156 0.03585846269795039 0.6743027924580142 0.9990828682535393 0.022857635766294848 -0.03620705524416406 0.3241922375873188
-0.01918280966632097 0.03656480361993782 -0.9991471538014535 -66.09828798868396 -0.023274616855233562 0.9990438975038294 0.03700787849360675 0.6761409400489052 0.999545052523169 0.023964682276026366 -0.01831343713947237 0.32719510696740217
0.002944424059117279 0.03737966728355519 -0.9992967981739633 -66.65924683767534 -0.024468590474998164 0.9990046289133672 0.03729664180364918 0.6812431891242984 0.9996962630955084 0.02434156698804772 0.0038561210353971467 0.3362901168622891
0.028882663401062138 0.03801124487804716 -0.9988598185019186 -67.21472648385897 -0.023887148220361788 0.9990175843373873 0.03732653660048485 0.6846163114244691 0.9992973510946362 0.022781822743362757 0.029762268860603368 0.36122436747656206
0.05852896473251392 0.03731399526523499 -0.9975881044021576 -67.76372628636057 -0.022753600081541397 0.999091454044953 0.03603526241985939 0.6964994996475715 0.9980263693764142 0.020589614170373836 0.059324816204064934 0.398389071002077
0.09270791081206844 0.03726952558963133 -0.9949955908119338 -68.28832547380247 -0.021437699147989646 0.9991422940704714 0.0354274082432384 0.7052918693082133 0.9954625398919335 0.018046015125688673 0.09342736756423163 0.47486112354676974
0.1296449025232005 0.037289228336782526 -0.9908590781235245 -68.79977072068516 -0.020372205108863672 0.9991818576363165 0.03493692358292776 0.7137524845621741 0.9913511852561377 0.015656590321145965 0.13029849834424082 0.5724564290426015
0.17001639304111305 0.03719876869758604 -0.9847388880838803 -69.28610477366875 -0.02029228419649879 0.9992075458766823 0.03424183793524065 0.7155029764074448 0.9852322819007581 0.01416092759949771 0.17063651083558928 0.6858804112690736
0.21271013336652686 0.037734235204996754 -0.9763864637819863 -69.78284980581373 -0.019031913676240256 0.999224479044762 0.03447066491295509 0.7234405058393949 0.9769299797964085 0.011250243162484127 0.21326332690777197 0.8637242477429501
0.2614541257067315 0.03643059792335243 -0.9645281497633335 -70.21830970547595 -0.015806760364846482 0.999315060057958 0.033459782846354695 0.7227312785717326 0.9650864658038129 0.006497867058030385 0.2618508950643475 1.014213957948061
0.310935671750475 0.03118198184755454 -0.9499193081736698 -70.67371763872242 -0.007741222554504192 0.9995116002304146 0.030275971961182847 0.7276753564960551 0.9503994326105417 -0.002060342906252544 0.3110251975012102 1.211498603946262
0.36205130519287887 0.0255797332000014 -0.9318071311476176 -71.0695032811545 -0.0024880257956673203 0.9996463709814378 0.02647532268506925 0.7350109181758007 0.9321548487970066 -0.007267064954646482 0.3619869163812036 1.4094210569914705
0.4135641520175935 0.020495856640384603 -0.9102442595405638 -71.45913321428662 0.002658926289557044 0.9997151401759637 0.023718528915947768 0.7454232293889378 0.910471099089341 -0.012229405689835925 0.4133918472339753 1.6350266547530032
0.4655545031140464 0.01965970580568054 -0.8848008253826797 -71.83910422674204 0.002589943446545682 0.999718696079028 0.023575854236666555 0.7556340439234407 0.8850154217996286 -0.013267429203835283 0.4653726232806831 1.859556461737737
0.5140356015578951 0.018240782224355514 -0.8575748796430902 -72.21127703725989 0.0041732197181676145 0.9997088513717076 0.023765452367701632 0.7641230298721297 0.8577586983343244 -0.01579513700165523 0.5138098180055558 2.1115620152405103
0.5588617433796504 0.013617088461646961 -0.8291490376817002 -72.55861029531765 0.012388135289939772 0.999616503708328 0.02476650193250572 0.7683834416988896 0.8291683097482042 -0.0241126609017363 0.5584787316393901 2.400052930533224
0.6027448954632546 0.007145852523464436 -0.7979019537416282 -72.86850214401473 0.022926530751544567 0.999391963152003 0.02626933906441344 0.7670731290526067 0.797604516775505 -0.03412683370744028 0.6022145747492466 2.6946287409957637
0.6448997314977841 0.0021839638750490832 -0.7642640686411226 -73.15867399595658 0.024400612901684725 0.9994272919814351 0.023445642082802347 0.7665329198456466 0.7638775729160441 -0.03376859997756819 0.6444771021932794 2.988476621209928
0.6861152908482319 -0.002814697726520142 -0.7274873779942567 -73.45077018620663 0.021549289221853455 0.999632344213964 0.016456139745570725 0.7722344793078013 0.7271735939913364 -0.02696764502141474 0.6859236913270452 3.2993963812787244
0.726657611823881 -0.009024942824757456 -0.6869405109508591 -73.7352432846437 0.017629815733672456 0.9998293809799575 0.005513485869145854 0.7750588770151796 0.6867735469393157 -0.01611705110255395 0.7266927382932533 3.6364891716206365
0.7655893885224071 -0.011499089729596384 -0.643226755598118 -73.97327169758972 0.012825338218567045 0.9999143442512232 -0.002610528724890515 0.7751523424610315 0.6432016782327797 -0.006251007601565486 0.7656712911050658 3.967958588658859
0.8024245241604218 -0.0124885979870206 -0.5966229277745225 -74.21695797537713 0.011740315319308482 0.999917867485957 -0.005140357821847221 0.7721477697940082 0.5966381214958717 -0.002879792119588992 0.802505239095187 4.347921272837491
0.8357878222676371 -0.01463204565201145 -0.5488575583784575 -74.42494362389553 0.012734759895737913 0.9998925241295533 -0.007264026447198904 0.7756506873036638 0.5489048570012088 -0.0009183843777088118 0.8358843308320927 4.736853226460612
0.8664321151146648 -0.012742284831441861 -0.4991322711218005 -74.66365273634644 0.009307161765546051 0.9999127808556288 -0.009370561425553273 0.7720030008837399 0.4992081395948965 0.0034734505660219215 0.8664751401531182 5.181128854874878
0.8924196164537468 -0.01141368057113785 -0.4510620312821414 -74.88621931768449 0.008833190891491314 0.9999303624752037 -0.007825914571418062 0.7652798055899019 0.45111994292784496 0.00299968265400864 0.892458289779837 5.667131643944379
0.9132940327759461 -0.005985659490649084 -0.40725689874612897 -75.0898316593135 0.0034827055295377778 0.9999702200808107 -0.006886923386156331 0.7621984901527707 0.4072859934469192 0.004871430179559052 0.91328768124286 6.18849529859869
0.9305496816883485 -0.0016234125809108917 -0.3661620603521192 -75.25439189522511 -0.001620253658882907 0.9999621262677748 -0.00855107058260487 0.7560739846094647 0.3661620743438548 0.008550471426770083 0.9305118079587079 6.6703322031124666
0.9440109209380335 0.0037366132100464565 -0.32989304156263793 -75.42833145360906 -0.006509999942472545 0.9999521448280901 -0.007302599157009451 0.7515553249726984 0.32984996748594075 0.009041337037047504 0.9439900704849096 7.194842389895646
0.9539678738939583 0.004989086391196125 -0.2998673116483791 -75.5816325983761 -0.006831426834048425 0.9999636816795979 -0.005095775622153658 0.7361579148395043 0.2998309977064639 0.006909727835558094 0.9539673099617111 7.733385328080575
0.961483459283279 0.004434253108013631 -0.2748270272808659 -75.75254250103437 -0.005564748634985206 0.9999789590216688 -0.0033339295981234126 0.7223698982718557 0.27480646116365426 0.004734861487931989 0.9614879042345761 8.322643243272205
0.9672652733447568 0.003915823961713933 -0.25373718155603125 -75.89905777300812 -0.004400048437922778 0.9999894207491673 -0.0013408816071828825 0.7214638793646525 0.2537292465504114 0.002413444103646606 0.9672722702179142 8.906235578220263
0.9717554470819497 0.006371621130133315 -0.23590411931701952 -76.03085491651167 -0.0063015889999872895 0.9999795926911884 0.0010507983802997402 0.7166941514262231 0.23590600043796675 0.00046545175350205174 0.9717757675060774 9.509031341671287
0.9752745993314822 0.011122253816210891 -0.22071645015464633 -76.17916334849834 -0.0107832061740942 0.9999381028443566 0.0027409751242537554 0.7122391178872767 0.22073327425521047 -0.0002931724280490705 0.9753341661638334 10.149450790142136
0.9783055117597875 0.015371701171299787 -0.20659631280234456 -76.34157932590492 -0.014835104940195668 0.9998813568465694 0.004146310657979444 0.702408451924422 0.2066355374127009 -0.0009914805894859675 0.9784174833088398 10.82149063147261
0.9812460825439389 0.014370297497479596 -0.19222283954309374 -76.48752978825702 -0.013874050955375132 0.9998960375235724 0.003927448884756967 0.694393412281809 0.19225929418954568 -0.0011868843619485024 0.9813434440109375 11.498219235729804
0.9837700896165442 0.015259079529898066 -0.17878358780312986 -76.60087890921221 -0.014805060586915586 0.999882896262488 0.0038734923199361137 0.6820171740805757 0.1788217575041573 -0.0011637240373379883 0.9838807980591392 12.181511251268068
0.9863226614642517 0.015189059062054913 -0.16412464765198267 -76.72216156642206 -0.014712923908561118 0.999883285917051 0.004116359286724407 0.6855205397211181 0.164168015618566 -0.0016453049947989593 0.9864310191895508 12.9066712116845
0.9884806331196865 0.016868864351245422 -0.15040438611558596 -76.82639449181252 -0.016292915301554373 0.9998544536317239 0.005060875791689118 0.6758490942769868 0.15046786653063923 -0.0025520517827422977 0.9886116063315337 13.650443678186827
0.9902908330563791 0.017002523908926686 -0.13796731549621438 -76.92234327602387 -0.016813257332906305 0.9998554280366012 0.0025372038936059193 0.6639897003284051 0.13799050816038783 -0.00019288977846161975 0.9904335325760989 14.396389789032945
0.9917677079255739 0.018092903424564016 -0.12676537524784132 -77.02026168133455 -0.018625731040138833 0.9998219677668734 -0.0030190915839991787 0.6553411426927732 0.12668818279254038 0.005355335324851981 0.991928134858711 15.142741547514072
0.9929214873286947 0.01682762025099004 -0.11757444959541151 -77.0944106394555 -0.018046812642849446 0.9997937732051093 -0.009312551407622986 0.6419302583863845 0.11739349451485186 0.01136847645791963 0.9930204052226802 15.874393389108217
0.993860170777327 0.01708799191627614 -0.10931587933477112 -77.18627850267826 -0.018229054475401872 0.999789202702732 -0.009447313478629583 0.6314810516833048 0.10913140022650226 0.011382033706680894 0.9939621656749827 16.646265321884627
0.9945201905841731 0.01951668770251344 -0.10270681292662827 -77.2694662710037 -0.02001062652212686 0.9997926180265254 -0.003780974193696435 0.6204092714833624 0.10261172129252136 0.005815482850464685 0.9947044861729541 17.437961303164105
0.9949398843748204 0.024147079351466056 -0.09752715026604904 -77.36650265226004 -0.023801171970917603 0.9997056223854516 0.004708798543432544 0.6009508013912062 0.09761214418827514 -0.002363711003028177 0.9952217251332792 18.272289117277346
0.9953134237158113 0.0234101697839503 -0.0938251166895094 -77.44482058115827 -0.022735539393633007 0.999707449277144 0.008252945429500414 0.5971548420642986 0.09399087093751889 -0.006081102734566123 0.9955544868915702 19.11159953606524
0.9956882326766775 0.02269750628734158 -0.08994312935146243 -77.5313711031979 -0.022154758078471226 0.9997298487220727 0.007028247905513752 0.5886792255803114 0.0900783548011485 -0.005005275464249109 0.995922103988984 19.936901948755708
0.9959482131801745 0.021970257584909426 -0.08720358045902576 -77.61008088532152 -0.021523534701859054 0.9997499767215907 0.006059826656896279 0.5865096947523507 0.08731491348651908 -0.004158344240978094 0.9961720805443274 20.771438987689947
