1.0 0.0 0.0 0.0 0.0 1.0 0.0 0.0 0.0 0.0 1.0 0.0
0.9999958815437308 0.002805367900759608 0.0006056455381888183 -0.005794139899376516 -0.002806333478549069 0.9999947832306784 0.0015993760770914196 -0.017339985023820146 -0.0006011555403678398 -0.0016010691334809382 0.9999985375937537 0.7822956482376046
0.9999826391434553 0.005771796977057429 0.0011864954052037992 -0.02125228318316294 -0.005773905443853515 0.999981744189227 0.001781377050515162 -0.03141449139470272 -0.0011761919980929905 -0.0017881968365629395 0.9999977094596053 1.5227215403384133
0.9999748082924483 0.006890443689318962 0.001704278805579682 -0.03279934279780514 -0.006893058388081007 0.99997506734817 0.0015331105896416095 -0.04688818592694333 -0.001693672501202125 -0.0015448196612844215 0.9999973724993844 2.2413683287026025
0.9999586695509514 0.008845993822392473 0.0020994244894323734 -0.04567189870351544 -0.008848426892035114 0.9999601877764055 0.0011524772061738279 -0.058808457604186425 -0.0020891461004288597 -0.0011710061778834654 0.9999971321024386 2.9428595702387814
0.9999553613759736 0.00902503623123898 0.0027971371922325067 -0.051950007142321515 -0.009028223381090238 0.9999586075177911 0.0011289081719021315 -0.0763549400593751 -0.0027868329746278267 -0.0011541109583937002 0.9999954507845856 3.6208922763896467
0.9999560133658563 0.00894261858263701 0.0028285873417630957 -0.046310823779536874 -0.008948632851286175 0.999957711230008 0.002120783283560866 -0.08584850026585185 -0.0028095023682822235 -0.0021460019870516833 0.9999937506664297 4.300179135891755
0.9999466241688738 0.00977833395802331 0.0033366147933329145 -0.0488855967025484 -0.009794056546057441 0.9999408557464609 0.004728791114825119 -0.09644645112441494 -0.0032901777530030753 -0.0047612177056274236 0.9999832526279191 4.968186708203383
0.9999432455550051 0.00934453361292375 0.005117163323522705 -0.05912369519451817 -0.009389229806325724 0.999917361840742 0.008781335496073992 -0.10493048209247482 -0.005034682965855564 -0.008828883338652602 0.9999483500593545 5.618829563100567
0.9999400001318878 0.008673701074267758 0.00669051910651545 -0.07288378610712949 -0.008755507853209771 0.99988606257081 0.012296461233802368 -0.11405700524326581 -0.006583100976955127 -0.012354302340329176 0.9999020121968002 6.2564820989597685
0.9999392514643006 0.0077894369365277055 0.007798593028606146 -0.06483822271486121 -0.00790318711557973 0.9998612583669185 0.01466300277358157 -0.12768509491886762 -0.007683294503668618 -0.014723745757577377 0.9998620796372043 6.888867465277092
0.9999223783185224 0.008438796324799271 0.009166463572080154 -0.06633308905289372 -0.0085695460840294 0.9998607468757207 0.014319557850688376 -0.1298397415206039 -0.009044347281225962 -0.014396998774538412 0.9998554526573038 7.481094166674405
0.9998968226253424 0.009215966111097202 0.01101862388796203 -0.08180497534975348 -0.009345605226258808 0.9998870283700123 0.0117724322185207 -0.1388647825457114 -0.010908884759690055 -0.01187419327886451 0.9998699914325238 8.048343593828339
0.9998882840081774 0.00901580479296267 0.011922028649451298 -0.07950408812900649 -0.009124175779223526 0.9999172656204893 0.00906704639848047 -0.14698120993708022 -0.011839295567430984 -0.009174812149441625 0.9998878206591423 8.589148359894173
0.9998871193991439 0.007448286125288153 0.013048811956616276 -0.04083306516536599 -0.007547997643518402 0.9999425644277165 0.007608914330798795 -0.15245603920554573 -0.012991389119595253 -0.0077065478338764915 0.9998859099563445 9.140816957117806
0.9998902687087543 0.0030724949273129463 0.014491732693431457 -0.02404028294142016 -0.003149679728959234 0.9999809610948613 0.005306313729922178 -0.1681231329880034 -0.014475153164689428 -0.005351375777966784 0.9998809092677694 9.621486591151223
0.9998758474068719 0.001152205535840445 0.015715030855668985 0.004110145764805555 -0.001215964468724671 0.9999910665403116 0.004048242826110772 -0.17440947467421405 -0.015710226058279597 -0.0040668491454116645 0.9998683160972877 10.075368410534123
0.9998275085914297 0.005184568461676964 0.01783460999635771 -0.0054862568339169165 -0.005223642681572125 0.9999840560655491 0.002145034224922083 -0.1893036927500784 -0.01782320456571316 -0.0022378258549333474 0.9998386497402724 10.487527644752456
0.9997264476659197 0.009363893800332269 0.021432389744927758 -0.01843600730086516 -0.00938943490153007 0.9999553226992982 0.0010913833287879114 -0.19382901932590502 -0.02142121260602005 -0.0012923228066251263 0.9997697042580608 10.862465643559275
0.9996391648485805 0.00983481458509767 0.02499633018886013 -0.021896788216250275 -0.009892068518214654 0.9999487223419637 0.0021678715605391815 -0.20241382644919112 -0.024973727820746253 -0.00241435472720846 0.9996851923530655 11.212556407800335
0.9995908533558605 0.005504832526117565 0.028068179601880915 -0.006057787603225704 -0.005584854999828426 0.9999805586166383 0.0027734064586004683 -0.2084582541591594 -0.028052366779559485 -0.002929028441840714 0.9996021636183323 11.543997350651324
0.999538686280605 0.0007890072704346139 0.03036102923107556 0.016056192618097882 -0.0008624751644788071 0.9999967317455221 0.002406789326498082 -0.20856860813984407 -0.030359031029228732 -0.00243186467524187 0.9995361000329939 11.843432736885859
0.9994378333236871 -0.002656885260234559 0.03342092580956845 0.02331552404166017 0.0025333012251102936 0.9999897988167424 0.003739605239927032 -0.21561418161023815 -0.03343052057862063 -0.0036528376861808525 0.9994343685658804 12.11399828178873
0.999339765009088 -0.0032623972008677736 0.03618550588405552 0.02434204025844824 0.003088750428884269 0.9999834506737849 0.004853658345477643 -0.2219643148418139 -0.036200741599714606 -0.004738685793585255 0.9993333033400715 12.343848591753906
0.9992551949952345 -0.002545948019949456 0.03850420007891687 0.024527627582402844 0.002398355433006933 0.9999896011123225 0.0038788604551724592 -0.2252233380494846 -0.03851367505516064 -0.003783624703039831 0.9992509099409672 12.54822026234521
0.9991479443560356 -0.0014022893635194983 0.041248259037821214 0.02034803987812255 0.0013022718817825131 0.9999961470165295 0.0024515383001454927 -0.2302177987161402 -0.04125153787504329 -0.0023957330051831865 0.9991459208175303 12.738418458626146
0.9990799098638191 0.0006532784569186518 0.04288247816722137 0.03508973327367212 -0.0007236334717731754 0.9999984176280768 0.0016251448969933086 -0.2342060287432184 -0.04288134863904112 -0.0016546808137582946 0.9990788016819796 12.917370468573134
0.9989901722860927 0.0035476691584311448 0.044788946396922574 0.03846675673449027 -0.0035900500151675643 0.999993180914404 0.000865832302731429 -0.23806646697448508 -0.04478556929070637 -0.0010257525189683997 0.9989960963963153 13.087979107607739
0.9989433349805251 0.004764993934848044 0.04571114011691611 0.05724406891114673 -0.004763869145637026 0.9999886437937741 -0.00013354492637520916 -0.2522199004121368 -0.04571125735254615 -8.43580758921506e-05 0.9989546905815916 13.24943657246035
0.9988637272054308 0.0038625526514904193 0.04750089641564712 0.06632635488060586 -0.0037850926911401615 0.9999913563602365 -0.001720545881322704 -0.25807135342241966 -0.047507131534065786 0.00153879557600022 0.9988697135070114 13.405025516964695
0.9988058294290867 0.0023744275841705484 0.04879833185799195 0.07868183779254968 -0.002224531000191458 0.9999926402787462 -0.0031258359149038974 -0.2620311362012823 -0.048805394786891616 0.0030135497316687936 0.9988037604843651 13.550665156195624
0.9987332571345927 0.0015960222919443095 0.050292482600998424 0.08225424625827416 -0.0013915321518697679 0.9999906236191248 -0.004100769696016932 -0.2662132681559359 -0.05029855595937521 0.004025591468724926 0.9987261135475165 13.68579578839052
0.9986593970594503 0.0023092675981306924 0.051711468244634955 0.0886591544358244 -0.0020309612496799403 0.9999831743202506 -0.0054338083140174935 -0.27030346876607825 -0.05172314628150476 0.005321499746444154 0.9986472839692646 13.81971487383574
0.9985925727473043 0.0031524414024356445 0.05294275934558559 0.09347670535379084 -0.002757247206064035 0.9999678030990418 -0.007535937441123572 -0.2743190731940096 -0.05296481135400191 0.007379354882107094 0.998569113221392 13.948664533711328
0.998553163689114 0.003108417915328325 0.05368348931026968 0.10210746737149562 -0.0025934888940372072 0.9999499880394613 -0.00965894586554219 -0.2786551058406815 -0.05371082853409222 0.009505743418619395 0.998511285735038 14.07624270527023
0.9985095170149705 0.0025944689576535966 0.054516173392478676 0.11362494750015444 -0.0019419660846370505 0.999925888930437 -0.01201854460395135 -0.2812284791600633 -0.0545433148814511 0.011894762607921647 0.9984405547774197 14.203886759515557
0.9985330051040395 0.0018614019644147119 0.05411444262508547 0.11544330135279207 -0.001096898043642542 0.9998992281745548 -0.014153809049397751 -0.2809607859683437 -0.05413533534188759 0.01407368745751532 0.998434422878522 14.32842371096059
0.9986125208246401 0.0015824508889940774 0.052635815766855776 0.1150018267839027 -0.0007623222378835812 0.9998780591407991 -0.015597618844856314 -0.2811392921245627 -0.0526540797760635 0.015535852020655331 0.9984919554933461 14.450864544957883
0.9987686821655776 0.0021542713800620323 0.049562875623361556 0.12583044946593863 -0.0013247775441731662 0.9998586140824193 -0.01676295945342952 -0.27955847329991007 -0.049591980094509075 0.01667665913784601 0.9986303242693483 14.570479407244296
0.998982570540332 0.0024610249733750637 0.04503073520065378 0.13613493757311057 -0.0016632862101788016 0.9998411735273712 -0.017744328626001192 -0.2840864576716693 -0.045067252363706116 0.01765137602242129 0.9988279990513377 14.70757197599146
0.9992326177886912 0.0027164621884176207 0.039074241903571054 0.13566458458280253 -0.001996217764291658 0.9998276080862489 -0.01845993562186256 -0.29378535636461844 -0.03911765153734811 0.018367769099829945 0.9990657808155055 14.825248250239422
0.9995765270503378 0.0026586195228681265 0.028977548416291837 0.2601585789885308 -0.002105580495958863 0.9998153818674034 -0.019098919134580162 -0.3036393466381843 -0.0290229753946926 0.019029816698192384 0.9993975850359406 15.063907621405523
0.9997588068389084 0.002584383231812847 0.021809381269403152 0.2542996997430919 -0.0021511491619313583 0.9998003630543455 -0.01986470723866546 -0.3071964570077494 -0.021856365327432098 0.019813000774892037 0.9995647774381436 15.190043213725417
0.9999040828348266 0.002219870402231378 0.013671038937933064 0.24613212128042977 -0.0019353766354235319 0.9997820299205719 -0.020788144822841338 -0.31175411517954166 -0.0137142060478991 0.020759692273577816 0.9996904299477811 15.315199746364842
0.999991692011816 0.0015915455315831533 0.003752717704168172 0.24211061261261696 -0.0015073462426599053 0.9997494298486775 -0.022333952282209114 -0.30899465725030245 -0.0037873228870821873 0.022328110087065856 0.9997435229524052 15.465756193739097
0.9999532718868583 0.00021836988809533498 -0.00966469644425038 0.23657631607065346 -0.00045211803489866463 0.9997072720537247 -0.024190200333557198 -0.31140060565479033 0.00965658490616936 0.024193439554702916 0.9996606563481731 15.610681243764663
0.9996535383159981 -0.00020197871666830642 -0.02632038253719031 0.22633439616266515 -0.0004828535983794484 0.9996615626299085 -0.02601013365454389 -0.319428209179718 0.026316728229560684 0.026013831031254903 0.9993151206753385 15.76336730724648
0.9989450368705958 0.00011178487787004212 -0.04592168132533337 0.21294989328854783 -0.0013601517380978526 0.9996303273814988 -0.02715434709952711 -0.3192494486495621 0.045901669891777755 0.027188160719204345 0.9985759062874743 15.916153872825852
0.9977230966205777 0.0010887135304637884 -0.06743468820046675 0.1770756172800495 -0.002900327737612102 0.9996373409074164 -0.02677264952445237 -0.32405036271307347 0.06738108465185173 0.026907273484938377 0.9973644208937595 16.10059798836036
0.9958414847214742 0.001784934674247239 -0.09108540671226627 0.13856612161138945 -0.004108946797018266 0.9996706106979982 -0.025333508697089304 -0.326995369038726 0.09101018549563307 0.025602424004278524 0.9955207993915313 16.299881962202498
0.9930288195297651 0.0026495977281654755 -0.1178420265236469 0.10182606586710902 -0.005514098401939166 0.9996970253187722 -0.02398858661126855 -0.3306416065778931 0.11774276326863868 0.024471150374910114 0.9927425670823186 16.497599618467003
0.9890123534885432 0.0038949321583358334 -0.1477815758155728 0.03914753376816926 -0.0072327699514267456 0.999730581776848 -0.022055631909992535 -0.33270757216940416 0.14765585557600383 0.022882162563911512 0.9887740666858708 16.72408834838589
0.983460231252177 0.0036532270165660595 -0.18108734764687343 -0.03048913192428522 -0.007120190026057389 0.9998035277270456 -0.01849888749470437 -0.3402707251888412 0.1809841883685065 0.01948229650000952 0.9832930202557509 16.962892831541843
0.9759740614132804 0.004792290826046842 -0.21783403176984178 -0.11392765967243053 -0.008167286603170829 0.9998601207549995 -0.014595696397689045 -0.3470696819050794 0.21773361448799658 0.016024134061795342 0.9758766829110942 17.20411664353991
0.9663417775225355 0.006159581729692213 -0.2571879246144754 -0.21444443909079797 -0.008856358504730209 0.9999172678701836 -0.009328575939386342 -0.3475698304086799 0.2571091867837895 0.011292341118492946 0.9663163814731902 17.44489383782042
0.9545352458713975 0.00989201059220778 -0.2979339062874065 -0.3446724166386549 -0.011844060988406116 0.999918587577744 -0.004747255609952473 -0.34666559802752567 0.2978626908636474 0.008060170157441494 0.954574696421657 17.694414070622976
0.9401339434717302 0.013383637638901274 -0.34054228309542256 -0.46275349054843884 -0.014399500119366337 0.99989621794802 -0.00045577357473760395 -0.34634994621325965 0.3405008410101289 0.0053321268542290984 0.9402290921337224 17.95138092756072
0.9233718057523086 0.01596664471948273 -0.38357473143850584 -0.6073949998604988 -0.015121705553035672 0.9998720429920219 0.005218396700248365 -0.35063436791947944 0.38360897064965493 0.0009817837621565772 0.9234950967589136 18.211999888865247
0.9039715420123319 0.019077220397564723 -0.42716684198770455 -0.777282085490459 -0.014961228440864456 0.9998036898813426 0.012990124833329375 -0.35659545529003434 0.42733080028870674 -0.005351762471177728 0.9040795019040438 18.48440872030588
0.8824249717665954 0.023635180228397418 -0.469859071912306 -0.9640661580557122 -0.016282471762954123 0.999673209099153 0.019706753225301913 -0.36165141066944323 0.4701712989071232 -0.009739264087469291 0.8825214424698257 18.743831636026663
0.8577157138723078 0.028872875929357243 -0.5133128784786963 -1.1677997010211885 -0.019024565028702305 0.9995204518424632 0.024432197488147272 -0.3660561594674124 0.513772148040341 -0.011190325473328436 0.8578536917877161 19.00375079862824
0.8295153059791687 0.0323379199862044 -0.5575469631136477 -1.3930834780932018 -0.020108700058057986 0.9994042922564769 0.0280481871303284 -0.3715140706718697 0.5581218481015243 -0.012054855880043177 0.8296714308215326 19.276130016043428
0.7981331914487348 0.03591864078740695 -0.6014093946321768 -1.6407565920534568 -0.022556565810820474 0.9993028992312628 0.029747553291102465 -0.3656308231737011 0.602058643361823 -0.010176779056753743 0.7983870133721803 19.551891943322275
0.7646956334934747 0.038614642268787136 -0.6432336259233234 -1.9159764437746054 -0.023118340604023416 0.9992043129240696 0.032500513252045796 -0.3549225093383662 0.6439768089331551 -0.009982506518081035 0.7649798815131584 19.81322034972181
0.7281707666577378 0.042672432814580524 -0.6840660772635682 -2.2130214298401527 -0.024233239542720483 0.9990388770002422 0.036524955076667635 -0.34661814233933863 0.6849672143149236 -0.01001926742693909 0.7285049962724205 20.063008248637622
0.6890740789316163 0.04381972088091361 -0.7233648773658162 -2.533086010121197 -0.021731293241677014 0.9989707629860811 0.03981413810499194 -0.3361010912461747 0.7243650078783407 -0.011715236272387656 0.6893171175884815 20.32243624433507
0.6479434104935416 0.04380982040770607 -0.7604275352943508 -2.879982300381146 -0.018975005683935106 0.9989631121258914 0.04138417295343601 -0.3282139669156995 0.7614520903886807 -0.012385485359473378 0.648102857419343 20.577044190172415
0.6056244955523595 0.04249977041681639 -0.7946148374536351 -3.261597348790808 -0.013542818287617138 0.998978611418907 0.04310830546858267 -0.3141077805085296 0.795635320017769 -0.015346121401248945 0.6055814842761945 20.822892655062308
0.5609054944652643 0.04245732534194638 -0.8267904219350176 -3.673486532187677 -0.008667686702068574 0.9989305214099585 0.04541678767652885 -0.29900753478475145 0.8278344626106787 -0.018308165403124303 0.5606736248421705 21.07289998638387
0.5141035649864535 0.0436939931880239 -0.8566144753782202 -4.117776497362953 -0.006543020774544841 0.9988723582161397 0.0470234076908911 -0.2782938119208907 0.8577031615584514 -0.01857005522352392 0.5138097310304967 21.298601271202767
0.4648598853115402 0.04322597600993431 -0.8843284469167152 -4.586774551240887 -0.005430217202818329 0.9989279174843759 0.04597312705755878 -0.2555824327542124 0.885367607138002 -0.016568967026001778 0.46459624359482143 21.499355130363142
0.41223420980105746 0.04180909699991402 -0.9101180998517437 -5.0661138912600725 0.00036479503048569037 0.9989388579900066 0.046054586331871046 -0.23807806858303351 0.9110778359691792 -0.019317282564215478 0.4117815190122673 21.689049596236597
0.35850954822133546 0.0408439302835942 -0.9326321231831564 -5.576681220769829 0.005933180216272337 0.9989225380791454 0.04602782082645265 -0.21947058937956793 0.9335072046892053 -0.022034887712435103 0.35788093343575156 21.856342331822926
0.30433537163547575 0.03953706425268009 -0.9517440843639512 -6.1232888624734585 0.00815348771692924 0.9989935359384852 0.04410709456725905 -0.1871440013935946 0.9525300531791876 -0.02118338271841022 0.3037067040535298 22.003434521414707
0.25155958042315035 0.04535072264548871 -0.966778717935423 -6.697475935598356 0.008607054179796778 0.9987572536086866 0.04909039602989881 -0.15671984334289932 0.9678035421074228 -0.02067027623323224 0.2508566195354762 22.116280632544587
0.20048586445787603 0.05066068250329108 -0.978385871423376 -7.286866803632573 0.011098047721773252 0.9984805937080394 0.05397533997297918 -0.13413396273862216 0.9796337333357518 -0.021679465785255723 0.19961901030193002 22.202522955704875
0.15214518694259946 0.0517415889799013 -0.9870028622349766 -7.882312561572865 0.016358364839221297 0.9983601248860615 0.054858590368937345 -0.10757151494654493 0.9882227714387011 -0.024492223404884897 0.15104928004693197 22.27261234441323
0.10764122345641233 0.053365965345645236 -0.9927564861311831 -8.503444150210605 0.019554024487764415 0.9982515019820943 0.05578152845536584 -0.0890803278900245 0.9939974884973992 -0.02541677660940071 0.10640949359737124 22.319688556488334
0.06764504139684978 0.0518563580748955 -0.9963609117692377 -9.125014721566128 0.019752904362829553 0.9983830169468737 0.05330266636185009 -0.06669095064128142 0.9975138952133202 -0.023286682873650225 0.06651134682962417 22.337220079852717
0.0324472951266318 0.047739953668335784 -0.9983326448948319 -9.759467847779378 0.017184431512367173 0.9986842985360743 0.048315289206388994 -0.03479866317193503 0.9993257068406483 -0.018723479410764975 0.031584220208715166 22.323354335162435
0.0043380636519007925 0.047690306479303765 -0.9988527498443713 -10.421443449346347 0.014894308840074574 0.9987482648964187 0.04775000450848728 0.0009595913879723583 0.9998796631434844 -0.015084363900877536 0.0036223193919644433 22.296912080087136
-0.016664777422935935 0.051630204357009574 -0.9985272190538912 -11.110366889479728 0.013362663266420981 0.9985882113175487 0.0514103437844731 0.029877194628235303 0.9997718361825718 -0.012486241054169383 -0.017331167313975125 22.268289439793556
-0.02960684532605651 0.05762714749873357 -0.9978990663293549 -11.839460367696306 0.01504260073296909 0.9982493462524402 0.05720107402622124 0.06143143627806685 0.9994484253191998 -0.013317453875416902 -0.03042187616253766 22.240322972351436
-0.03794843774560169 0.06024607637583835 -0.9974619423085697 -12.602801898135464 0.014748641175561761 0.9981059751891367 0.05972386353214337 0.09741872032564608 0.9991708530857688 -0.012444780956212062 -0.038765110225682055 22.207138146822896
-0.04195422240238214 0.05747363788425121 -0.9974650992245097 -13.378110319519958 0.015555711405481839 0.9982606722468641 0.056865192234768276 0.1334254705436589 0.9989984299613693 -0.013130544298605553 -0.04277529358334835 22.175159219282296
-0.04149259746051581 0.0535712685549353 -0.9977016004504522 -14.162441292451136 0.02321970052407779 0.9983435622014081 0.052640073314578845 0.1710180534407818 0.9988689653120434 -0.020982159002518923 -0.04266777636626233 22.152832832591223
-0.0373972516656689 0.05190479122050429 -0.9979515710775797 -14.970539306146263 0.03538955000101112 0.9980925023065031 0.05058593273092216 0.2110526231305327 0.9986736330346271 -0.03342528216615727 -0.03916280369856492 22.14049102876896
-0.03219489313066315 0.05182799081582147 -0.9981369386132845 -15.823758612129259 0.03572526394430923 0.9980761501947962 0.05067251649989463 0.2534042242201591 0.9988429277781443 -0.03402730933114865 -0.03398452364338491 22.120994989465828
-0.027191914858756546 0.05055453330378712 -0.9983510599627516 -16.679094638974224 0.03407747385921228 0.9981867434758909 0.0496180503885268 0.2850342147635675 0.9990492107707654 -0.03267207234657549 -0.028865379728861634 22.08931914949516
-0.024405246119460523 0.043777901687807944 -0.9987431498066258 -17.54071217413484 0.037693384765244094 0.9983706227717325 0.04284049872853781 0.32581659665760665 0.9989912876030439 -0.036600476911963005 -0.026015618059718037 22.07808435053399
-0.022594262142923007 0.03322023611556728 -0.9991926316935298 -18.37187684447428 0.03568914593882949 0.9988375411261131 0.03240140890894265 0.3475259757935831 0.9991074938065341 -0.03492824572682518 -0.02375359909724813 22.054458801086515
-0.02206783191072067 0.025076701854554576 -0.999441929187913 -19.197878599230847 0.028177765674062313 0.9993038370856355 0.02445106761535591 0.3664202010313969 0.9993593069143737 -0.027622458435316594 -0.022759074533281194 22.023499407311135
-0.023316815377494374 0.02189137850295777 -0.9994884159748383 -20.049033595268785 0.022120793550334084 0.9995267529917767 0.0213761677202849 0.39399156627755577 0.9994833648507391 -0.021611052749517554 -0.023790035428773063 21.98826980987514
-0.026906754298436284 0.028028860833108397 -0.999244919693626 -20.9383115538521 0.01288132209546517 0.9995335561493041 0.027690100624333483 0.4138680646429959 0.9995549500223573 -0.012126544928832743 -0.027255252592713063 21.941308526835023
-0.031140224839546617 0.035813253686709096 -0.9988732138050921 -21.862552320404816 0.007632339331444953 0.9993372606130583 0.035591950588658036 0.4361949578260657 0.9994858847393855 -0.006515397973041822 -0.03139292589072872 21.886474823150074
-0.035754799169768085 0.04544121146251867 -0.9983269457633343 -22.83615380836846 0.005699372075654467 0.998958718007953 0.045265846659899175 0.46443993936015293 0.9993443408026451 -0.004071365460481831 -0.035976554712958145 21.839421272509437
-0.03709538747523579 0.05523756740572785 -0.9977839161738171 -23.837241301552766 0.004716875289793426 0.9984696903025625 0.05510016909767549 0.5048238180416313 0.9993005970755561 -0.0026624601761232915 -0.03729916876081803 21.791820254836008
-0.03840881585059261 0.06273316660705772 -0.9972909869603782 -24.867391501641215 0.007549669713785607 0.9980171551089345 0.062488083627750955 0.5522017327518455 0.9992335889831607 -0.005129124263170083 -0.038806271814295974 21.760305617312078
-0.03965672284011166 0.06335354514360093 -0.9972029245100112 -25.908902079142887 0.00846596965970817 0.9979734611717401 0.06306582398261092 0.6029045680368069 0.9991774975905452 -0.005941305801110834 -0.04011270614249674 21.71063819963788
-0.04163613292896053 0.06063247627014256 -0.9972913993693475 -26.94997741226053 0.007580833321845722 0.9981474002083202 0.06036802484349871 0.6502830831748919 0.9991040803644377 -0.005046808764884973 -0.042018642534266154 21.662237715462354
-0.04460004446775842 0.055527084961866646 -0.9974605650696726 -27.967644493974955 0.007793471680468601 0.9984430598878689 0.055233304816041495 0.6978048938811056 0.9989745231148995 -0.005310272815358123 -0.044963353633674506 21.61798452117312
-0.04941168209124229 0.05055640958002247 -0.9974981379046729 -28.992536472294272 0.008092018327102393 0.9987055602130296 0.050216762529644944 0.736075059257087 0.9987457158417797 -0.005590478507408935 -0.04975682503687781 21.56387623381589
-0.055251432557376995 0.04626273842556367 -0.9974001394794991 -30.01194916124573 0.00882043792600383 0.9989096627966759 0.0458441429869851 0.7667871719053556 0.998433512596183 -0.006264551443270325 -0.05559924747749394 21.502504718415278
-0.062244766215302345 0.044062219168015906 -0.9970878145483432 -31.023770817583515 0.007701160448946207 0.9990164724346693 0.04366669133236508 0.8048351792512815 0.9980312025215161 -0.004960710248146944 -0.06252287699148318 21.43286924949907
-0.0683527269799767 0.046363057240560814 -0.9965833490670554 -32.06550802537661 0.007709149018163554 0.9989143269781777 0.045942751105447134 0.8436898526405125 0.9976314318102745 -0.0045424972239587955 -0.06863593798553334 21.34897873085127
-0.07468924924479543 0.05137408229725669 -0.9958826335042511 -33.11515564392638 0.006262519426633043 0.9986765382730874 0.05104853331194218 0.8748984601628804 0.9971871925058413 -0.0024239577108499215 -0.07491213207042184 21.26691950505348
-0.08101402599011728 0.054490559136838 -0.99522234026263 -34.17747025247568 0.003931123731285454 0.9985141651708739 0.05435078858037368 0.9147209750548551 0.9967052091060247 0.0004908340389229145 -0.08110786165880902 21.177010985934025
-0.08535855627692125 0.05652715815442432 -0.9947454937124887 -35.253292327607994 0.0003709512215324958 0.9983910507350239 0.056702488546729414 0.9661025000409403 0.9963502292193811 0.004471040503651578 -0.085242187508909 21.06463163449037
-0.08829677501129117 0.057994450379247234 -0.9944045068521224 -36.32792378332601 -0.003703046806299578 0.998277659443941 0.05854914260229173 1.0083166014414335 0.9960873289862483 0.008852026904728213 -0.0879299417304618 20.96286775286561
-0.08959910271317169 0.05923011075219909 -0.9942151652299795 -37.41353781423742 -0.008188768181988371 0.9981525856190804 0.06020265689811787 1.0561079111110743 0.995944247871666 0.013535501550106787 -0.08894855439596043 20.842389514058016
-0.09103227056292347 0.058746069475024476 -0.9941136881853065 -38.50133829141236 -0.009797680274107972 0.9981573653990816 0.059882212390630095 1.1056596004548511 0.9957997445156371 0.015191221833204918 -0.090288956145309 20.725268662643877
-0.09219231284979015 0.05782631186719449 -0.9940607099705949 -39.57812299361273 -0.01014821649933989 0.9982058887041171 0.05900862189793777 1.1548793139123084 0.9956895053947745 0.015528084629118834 -0.09144007564772795 20.616735296364602
-0.09317343614521015 0.0570203264273739 -0.9940157912080719 -40.650186656141535 -0.011359517351324873 0.9982328991930632 0.058327012045396934 1.2013193340090003 0.9955850903676899 0.01672606776007197 -0.09236106590358474 20.503656280538813
-0.09454473322822275 0.056011400216621585 -0.9939436686576241 -41.74105422691653 -0.013342802903159597 0.9982549838555547 0.05752353273419041 1.250162585038769 0.9954311945230035 0.01870054152444121 -0.09363240206894866 20.40784492485249
-0.09547948476978949 0.05361467536150792 -0.9939864861123489 -42.80845502642845 -0.01761619983515393 0.9983010701303128 0.05553956139571356 1.2913691293784375 0.9952755083349863 0.02281315327920074 -0.0943727849859083 20.296505480440864
-0.09593065951407635 0.04858787381765552 -0.9942014519618612 -43.874877560221684 -0.023223013670683156 0.9984268143310246 0.051035164943775094 1.3350751622852859 0.9951170786401216 0.027984190941789385 -0.0946513859174184 20.1813965688456
-0.09465013129479376 0.04759563454343254 -0.9943721678618551 -44.972930710940325 -0.0256420585402033 0.9984084699473913 0.05022959258361233 1.385755590054646 0.9951803040051099 0.030251986871985697 -0.09327904271913573 20.06582404845347
-0.09292314650796112 0.05173186527950329 -0.9943284683432143 -46.050830527722646 -0.026389253106544806 0.9981705635510884 0.05439791706092177 1.431115548228189 0.9953235133179276 0.031294411238932174 -0.09138798423025923 19.966941149145857
-0.09114173258739298 0.05484350984985826 -0.9943265932319802 -47.138896018434416 -0.02619214180894283 0.9980049046598836 0.05744721039582811 1.4743397003403746 0.9954934235284694 0.03127938142212344 -0.0895234271541319 19.86743239843629
-0.08957317936995648 0.05459760530562264 -0.9944826529570278 -48.19730217661547 -0.02347756435697432 0.9981031719979796 0.0569110008646877 1.5137616412620014 0.9957034947761436 0.028445729775269938 -0.08812145566279993 19.761797670669957
-0.08685334815584883 0.05340492317129336 -0.9947886258372612 -49.27880498592891 -0.023299990990374688 0.9981800360351987 0.055621273633407256 1.5634109999351624 0.9959485962307348 0.02800945986308971 -0.08545094396325187 19.66064589900808
-0.08272574878413333 0.054069460539024825 -0.9951044889483329 -50.34969446193951 -0.027826823408128042 0.9980124285756117 0.05654078446225324 1.6038644529423285 0.9961837774161559 0.03236797561808316 -0.08105674411959841 19.564207067480574
-0.07596867162910441 0.055365506361373454 -0.9955719068134945 -51.41754480079982 -0.032871589901656145 0.9977754656480261 0.05799636823273887 1.639529050264433 0.9965682212012631 0.037131938492337285 -0.07397972448958474 19.4430419066409
-0.06963228473379261 0.05486836822227853 -0.9960626521918067 -52.48586916164994 -0.036792653788610075 0.9976656469813329 0.057528753336870665 1.6877586472330572 0.996893999154347 0.04065364684659138 -0.06745098552378098 19.34229193374659
-0.06403943536477555 0.054120442876742204 -0.9964787646412672 -53.58123311578989 -0.0379465054175125 0.9976741863782693 0.05662402812447688 1.7338478051470994 0.9972256582362703 0.04143905763006671 -0.061836809894857354 19.267702370082986
-0.05864147043937757 0.05338196887883594 -0.9968508129822268 -54.67430076678159 -0.03753670875361828 0.997745160770766 0.05563802345921518 1.7789626123772406 0.9975731419002101 0.04068119414571032 -0.0565054599328729 19.211020846335213
-0.05354835464003393 0.05331619553655699 -0.9971408912530128 -55.75717022444859 -0.035619835484830206 0.9978360948772445 0.05526622006387032 1.8204578014513906 0.9979297575658229 0.03847740965322342 -0.05153336696742555 19.155460828603605
-0.0480922059673798 0.0537772234430946 -0.9973941798325989 -56.81614300520568 -0.034930931822861645 0.9978482518646778 0.055486000509824475 1.8702572132344388 0.9982319218133533 0.03750835226107588 -0.04611023512715394 19.09505460131584
-0.04204567756938796 0.0558523478594138 -0.9975533450579585 -57.881632584930216 -0.03361232263623524 0.997792029880208 0.05728243076647016 1.9021814177836287 0.9985501353285829 0.035938563495341184 -0.04007551483340791 19.035316949336057
-0.037258845708981685 0.0576149475720332 -0.9976433712668603 -58.960189166973194 -0.03390687067217949 0.9976888351710126 0.058883888257418235 1.9345294398795432 0.9987302451301138 0.03602091047383025 -0.03521919179910247 18.99856498393157
-0.031892752912606855 0.056933400030488544 -0.997868448380158 -60.05845753417899 -0.03354403375776191 0.9977529376846924 0.05799890637596285 1.9793149835722057 0.9989282507322115 0.03532227770851911 -0.02991131201684 18.961150332587913
-0.027642589135720708 0.052029896590207965 -0.9982628797699964 -61.141364202144885 -0.03369613068017873 0.9980284510707684 0.05295074721333329 2.0310026128654166 0.9990497775601875 0.03510129219954856 -0.025834884223930467 18.937187290770012
-0.0231627584766306 0.04717702427149701 -0.998617952472636 -62.18994686389162 -0.03328172990626725 0.9982958879427958 0.047933772759237346 2.0627350285178916 0.9991775683401832 0.03434601137503946 -0.021553153561048363 18.904368620182602
-0.01934096062644125 0.0464866724397928 -0.9987316539128624 -63.32913004117099 -0.03309813079375782 0.9983412303818072 0.0471094625068293 2.1049329380344135 0.9992649503410028 0.033967293168551224 -0.01777025646398984 18.865675320543733
-0.016792616446756975 0.04906358390001407 -0.9986544811734228 -64.48136083889614 -0.03225211642991916 0.9982489823088978 0.04958598899915482 2.13749725768852 0.9993386858411238 0.03304139909446151 -0.015180807857867665 18.85722698440064
-0.014585263636462334 0.04858566378768327 -0.9987125228808162 -65.63037130239218 -0.03272539350052042 0.9982604722575947 0.04904159610232542 2.1790826020897893 0.9993579532404253 0.033398544913477324 -0.012969907199801692 18.830555306281433
-0.013651422640450878 0.04773577911464726 -0.9987667065197003 -66.78263317663112 -0.034806924247257155 0.998231732210909 0.048185960939235405 2.2286246557210325 0.9993008139115763 0.035421804012631224 -0.011965747621994363 18.809473780669762
-0.013367868951312561 0.04923444460818393 -0.9986977868924232 -67.94807854827481 -0.0354204370903339 0.9981368645177283 0.049680905054466394 2.2624092283742536 0.9992830893775956 0.03603843996102772 -0.011599057252426524 18.79815502147401
-0.012240527118133292 0.04884721233492233 -0.9987312548143152 -69.10375586453682 -0.03635137260049035 0.9981241056951323 0.04926304233739191 2.3016207508953364 0.9992641028306442 0.03690825757716147 -0.010441901966942982 18.775998430010432
-0.011005689410403493 0.04708341560104956 -0.9988303293232241 -70.25915775336196 -0.036584063843029715 0.9982031075017821 0.04745695361584784 2.3341653823756086 0.9992699740677359 0.03706356902817406 -0.009263410687368693 18.747764980081993
-0.01003775553871556 0.0455956052851412 -0.9989095475779707 -71.41148024673599 -0.035290216062087314 0.9983214130404664 0.04592338092039157 2.371050231900613 0.9993266953874688 0.03571270143169762 -0.008411827531172186 18.728455698680367
-0.01026640147934078 0.04545645239345106 -0.9989135657985962 -72.59731046460237 -0.031445277343109125 0.998457470095118 0.04575887830851208 2.4069933533033754 0.9994527480243787 0.03188089313428962 -0.008821174495498652 18.726076429420452
-0.009311776295790074 0.0458726538609007 -0.9989038945013552 -73.74047673887527 -0.029256754351446902 0.9985070492281309 0.04612716083320102 2.446793273616 0.9995285554435339 0.029654211664967792 -0.007955789306725658 18.698695144738142
-0.009193575018388949 0.04854294582675191 -0.9987787846109075 -74.9040353396108 -0.028993068905078363 0.9983881291268579 0.04879083493874523 2.483912878932572 0.9995373330365643 0.029406224324373034 -0.007771347189387429 18.681778667486316
-0.008656339692627284 0.051920329979809145 -0.9986137126626656 -76.05888185021175 -0.03185508927876421 0.9981299553402538 0.052171309543528416 2.5246213963268733 0.9994550120291404 0.0322625415494848 -0.0069862252039235755 18.657427326289408
-0.007627506589123985 0.051711493873801175 -0.9986329368414463 -77.23324898824164 -0.034299438944799775 0.998060812487418 0.051943845304410145 2.5683345049093047 0.9993824941589213 0.034648751467782506 -0.005839040196726506 18.626766452754065
-0.0072896844933713 0.04950768401252177 -0.9987471400328027 -78.42612304884027 -0.034713882321376864 0.9981591474797294 0.049731908033967515 2.61842040764468 0.9993707054312561 0.03503292060673084 -0.0055576613424862505 18.611250850334663
-0.00696001195874925 0.047243547901737404 -0.9988591519404473 -79.60083616209944 -0.034981902740682434 0.9982604426771495 0.04745898299209934 2.6503718469152844 0.9993637099245586 0.03527230879399573 -0.005295235421157067 18.599308852054467
-0.006978957269686396 0.04670429430826039 -0.9988843792194342 -80.77691517161725 -0.033053925774417584 0.9983520709246679 0.0469103450350486 2.6863012975915823 0.9994292031686529 0.033344435421449624 -0.005423696165675531 18.58490082073554
-0.00727750063877635 0.04836226635691126 -0.9988033486013524 -81.97313993637792 -0.03188734570860827 0.998310612884322 0.048570746197378646 2.718935187005228 0.9994649744578913 0.0322026613082442 -0.005723061816389377 18.584137671842413
-0.006739465993854892 0.050726687907779996 -0.9986898330973553 -83.15371928852854 -0.031451052012439557 0.9982076694091203 0.050914438621127454 2.7612068446301725 0.9994825715966382 0.03175298201272293 -0.005131978942983295 18.569713483667222
-0.005816290477218864 0.053172024135677 -0.9985684286088754 -84.39414730742608 -0.032218021243001584 0.9980569369023393 0.053332446111975775 2.796914179498291 0.999463941256647 0.03248209584395957 -0.0040918916546924386 18.541666227939896
-0.005229073562974821 0.052961464018376966 -0.9985828659248575 -85.5723773409798 -0.03338477117100229 0.9980306129022444 0.05310699354898541 2.8439447108665195 0.9994288938406434 0.033615160850161294 -0.0034506691358336646 18.516723916776883
-0.004727925153330086 0.05101721210850281 -0.9986865828639229 -86.74254785271404 -0.032898388891666686 0.9981492038810997 0.05114550615489901 2.881717707842574 0.9994475187482714 0.03309699170897683 -0.0030407906436934395 18.503375442945607
-0.003787787345108943 0.04956641674809993 -0.9987636472147854 -87.88073238943021 -0.031259527653687696 0.9982768383708526 0.04966080852286085 2.9188000770727753 0.999504124352619 0.0314089844316796 -0.0022318376002667907 18.481933404004053
-0.0035502597226906574 0.05053900841872561 -0.9987157775282973 -88.97453577078825 -0.02953512455542637 0.998281067273323 0.05062200253952009 2.9520615550406517 0.9995574381061832 0.02967691614146651 -0.0020514811565120563 18.47622403252665
-0.003400920392174884 0.05337080794908724 -0.9985689713782147 -90.09460680116841 -0.026600901379705808 0.9982165515741929 0.053442569259853065 2.9895108438361464 0.9996403482184344 0.026744588652073 -0.001975143427248013 18.471788469395847
-0.0027148620422930065 0.056146452146949806 -0.9984188527043142 -91.26316326840742 -0.025382908133397213 0.9980969709607994 0.056197371233432464 3.0310565828385214 0.9996741156490861 0.02549534212688485 -0.0012845353441285933 18.457149375641105
-0.0020465459114380694 0.05827863874851655 -0.9982982579947989 -92.44286887794694 -0.025633446122111547 0.9979692576506933 0.05831198182198194 3.0686140842245786 0.9996693143683751 0.025709162758095896 -0.0005485075575574565 18.44701163396883
-0.001740241295721487 0.06032580220233419 -0.9981772233170196 -93.6620671738836 -0.02805153006514291 0.9977829837992167 0.06035088153220976 3.1183052944073673 0.9996049635837334 0.028105423486496684 -4.415209839460817e-05 18.43365500021337
-0.0013445576433087547 0.05951377194898828 -0.998226579045632 -94.83661865608228 -0.02970363413208169 0.9977846355180066 0.059527432697236045 3.1632455961348627 0.9995578453916967 0.0297309951495134 0.0004261963497294681 18.423476619750833
-0.0010030144155273042 0.05567157630949045 -0.9984486314043884 -95.98947831238524 -0.03202722148233304 0.9979351373006521 0.05567511854345808 3.207355365378933 0.9994864936787305 0.0320333784032088 0.0007820625762592311 18.411580373096974
-0.0013675863408580322 0.0537889886603216 -0.9985513879648347 -97.13273552818872 -0.03274831775553057 0.9980143182362388 0.05380490943786047 3.255633335013002 0.999462694347209 0.0327744610075192 0.0003966281427945439 18.413049136895527
-0.0014320324742624166 0.052210221578517006 -0.9986350895325644 -98.26364351541257 -0.03303974308528087 0.9980884253768576 0.052229019764700665 3.296617100749135 0.9994530127323898 0.033069440446506726 0.000295717270053001 18.40415489125234
-0.0016967875735471715 0.05265229184632726 -0.9986114645222423 -99.39075652233745 -0.030919170752051063 0.9981326897089802 0.052679584416550844 3.335903929676437 0.9995204479108644 0.030965624450739037 -6.56539425676878e-05 18.404963238194476
-0.0012501294200878504 0.05481496793451146 -0.998495746844607 -100.55258047610707 -0.031056607253579477 0.9980127506122304 0.054827335894481466 3.380329711595267 0.9995168454420005 0.031078431519751055 0.0004547218295948387 18.39397234702777
