1.0 0.0 0.0 0.0 0.0 1.0 0.0 0.0 0.0 0.0 1.0 0.0
0.9999105163929877 -0.0023111356470093504 0.013176412969002134 -0.008921765921440148 0.0022909431982901986 0.9999961786250147 0.001547357305226208 -0.008797268521729672 -0.013179938769614 -0.001517032428443997 0.9999119900404436 0.305353254395223
0.9997820979949831 -0.004098364313353703 0.020468510905899726 -0.0027455851167632016 0.004071330394599044 0.9999907842246724 0.0013622534797136905 -0.010979284289388595 -0.020473905283748935 -0.0012786225713657465 0.9997895700229885 0.6064373374369046
0.9997728555097934 -0.007270704600602738 0.020034326552293223 0.026683275646922782 0.007275835992831466 0.9999735139641935 -0.0001832503979105914 -0.009379260044358106 -0.020032463562891595 0.0003289752478136026 0.9997992759443708 0.9195016177390466
0.9998130381433006 -0.008662735126360092 0.017287156469272022 0.04049784675202131 0.008686997814056257 0.9999613842885444 -0.001328909596865132 -0.016810085502611018 -0.017274976921581354 0.0014788346319192435 0.9998496828126168 1.2119909027840188
0.9998782701165819 -0.011057832387323165 0.011007692381463725 0.03314997756014498 0.011088564877327222 0.9999347801639026 -0.0027348030146216516 -0.019130607324789828 -0.010976733468222729 0.0028565296184909464 0.9999356737115175 1.5134214889101318
0.9999161692793438 -0.012837739799696414 -0.0016872612593209267 0.03527417145206541 0.012829198506725446 0.9999053054326643 -0.004979139813794021 -0.017259461519607278 0.0017510223862018267 0.0049570761992865624 0.9999861805625901 1.819012646986719
0.9997406678030261 -0.012145866184809576 -0.01926330904541089 0.024296784101451085 0.012045226994902151 0.9999132381681246 -0.00533185172113763 -0.021631030074230853 0.019326397682952356 0.005098438070191837 0.9998002281865335 2.139080206461915
0.9992370404474228 -0.007615782921546742 -0.0383058330853941 -0.008050059221650516 0.007424934077530856 0.999959316712686 -0.0051220380164271025 -0.026793399189145743 0.038343283007829944 0.004833711823149775 0.9992529348859536 2.4715449373885563
0.9983649130370602 -0.003875509566065424 -0.0570305255289196 -0.05466015807901027 0.0035369903435599403 0.9999755309262632 -0.006035498989097826 -0.03523460200065961 0.057052520678853434 0.005823914005302077 0.9983541916122991 2.802300449552105
0.9970359818409417 -0.003668208334191695 -0.07684917151202494 -0.09471586932597355 0.0031951000133681605 0.9999751863869278 -0.006278371312148021 -0.042893702430455795 0.07687029498039054 0.006014221316644182 0.9970229620683676 3.149871553971719
0.9950544050178229 -0.005399263460658192 -0.09918457041650702 -0.1321634501425804 0.00480981160070367 0.9999693291446896 -0.006181139238409462 -0.039961358783224106 0.09921490194013402 0.005673510729807797 0.9950498552881698 3.524780568633918
0.9930032267459395 -0.006933348497145744 -0.1178835033020592 -0.19543550861924203 0.006394685194844749 0.9999673166772506 -0.0049470777796912 -0.047204775575138684 0.11791395029176292 0.0041586363049147335 0.9930151086819751 3.9000325441415447
0.9907213460617471 -0.006128985986654347 -0.13577057850791388 -0.2663509154971365 0.005634686035864741 0.9999760257799937 -0.004024696078610959 -0.057629730204288146 0.1357919908200608 0.0032223277336911617 0.9907321292019863 4.293193934468692
0.9883954558676006 -0.004977120045746797 -0.1518211154494867 -0.33156274372511985 0.004497353744477086 0.9999837502113976 -0.0035033016491558258 -0.06390882192066184 0.15183608474131968 0.002779854168501755 0.9884017785198632 4.699655179350799
0.9865870669613515 -0.004214040719022694 -0.16318149761971693 -0.4367033067910403 0.0038698108284329676 0.9999895663203183 -0.0024273060483779594 -0.08200609779221832 0.16319002380276637 0.001763267228398197 0.9865930807683246 5.112493981796495
0.984521190057294 -0.005470499715212957 -0.175180192833073 -0.5228780816616264 0.004905964104099442 0.9999812842320389 -0.00365550295447259 -0.0854813851835339 0.17519691162910417 0.0027394923812071714 0.9845296020623845 5.542982612926814
0.982608623805634 -0.009498088268894797 -0.18544562206218765 -0.6063393639481499 0.008514944031637873 0.9999451580782164 -0.006097258733857904 -0.09039593176947618 0.1854933641695401 0.004412159920691368 0.9826356113503624 5.99141122871038
0.9810314463115026 -0.008934085575023563 -0.193642669530496 -0.6904989306304318 0.007523049247192288 0.9999395322464997 -0.008020946370253596 -0.09380531893063154 0.19370262021455242 0.006412017279161385 0.9810393371095923 6.45158474677083
0.9797560694941365 -0.008306594746626232 -0.20002261065468038 -0.8208137251114183 0.00652686363226075 0.9999330445547497 -0.009555441308132885 -0.10388497790597341 0.20008859123029588 0.008056481315226103 0.9797446855014283 6.929002933929759
0.9780427319468903 -0.008985626743889153 -0.20821064573618872 -0.9345591169885186 0.006458359411895221 0.999897031654471 -0.012814666686386356 -0.11058938674432217 0.20830435444216716 0.011188592431394754 0.9780000569119798 7.424553276918534
0.9761735841529979 -0.01309621459075254 -0.21659552803620005 -1.037114591052561 0.010235642079070375 0.9998450214554117 -0.014323571553727701 -0.11991370660874018 0.2167495449432745 0.01176529788056824 0.9761563463568038 7.943391516996744
0.9744659044913467 -0.019710691998268817 -0.22366870501884809 -1.1639300893608773 0.016712380443459244 0.9997434166986601 -0.01529042535708601 -0.1358834601639737 0.2239127002288442 0.011161961684079113 0.9745452853960098 8.468932434465778
0.9724447205571752 -0.020329436926922392 -0.2322455154673795 -1.2917715518406157 0.016729823498790892 0.9997076136951399 -0.017458525873230376 -0.151572976256464 0.2325325320598688 0.013092024831978608 0.9725004989302701 9.009728673579241
0.9703561101970807 -0.01669541827777693 -0.2411022239874983 -1.4405376653028152 0.011743674001330803 0.9996898659898402 -0.021960372450477016 -0.1611507582213694 0.2413940875915114 0.018477955670018992 0.9702512353149145 9.55638228081409
0.9682227649460419 -0.014237627663397827 -0.24968373475009717 -1.5977537180610129 0.008243202765252438 0.9996525294995348 -0.025037369537363165 -0.17589966304408794 0.24995344976296963 0.022183557507710998 0.9680036997490723 10.123353629239732
0.9659345259494306 -0.01607396849035505 -0.2582868930391482 -1.760498626705815 0.00936180214380732 0.9995862752171539 -0.02719623242499953 -0.19482941395771738 0.2586171847334696 0.023851749086081276 0.9656853762101134 10.706181298264545
0.963667704689342 -0.018489814304348304 -0.26646328397316305 -1.9352168995741548 0.011087943266846801 0.9995104499699737 -0.029256074838064354 -0.2215063974645447 0.2668737762555233 0.025238604712025058 0.963400955147599 11.302960177738955
0.9614721838532264 -0.018191154653082013 -0.27429969297994494 -2.121784738752198 0.010006982711488402 0.9994628614083991 -0.031206553195538257 -0.24943747090019927 0.2747200392645511 0.02725932056602925 0.9611377786086451 11.918781685696512
0.9592520872943509 -0.017075925633439917 -0.2820351853673389 -2.3303061473532893 0.0075952039090481545 0.9993697949181689 -0.034674571126342334 -0.27746127608840354 0.2824495457581905 0.031119539986589343 0.9587772568913041 12.559428841909819
0.9570876673132689 -0.018815418069711272 -0.28918709708371265 -2.544379939178167 0.007821414467074517 0.9992036843788397 -0.039125728101653906 -0.3163999784971883 0.28969297981238185 0.03518489969592345 0.9564726866360638 13.23170467424761
0.9552518015027601 -0.020730341181795404 -0.2950665156879292 -2.7603390846179368 0.007364255381701406 0.9988986723101395 -0.04633799952210889 -0.355148995728207 0.2957021533036272 0.042091512345413896 0.9543524197695907 13.921756437782843
0.9539661726554844 -0.021136715004957847 -0.29916848214316166 -2.98370481314418 0.005016363766015386 0.9984984585732379 -0.0545496500578316 -0.39374430050620396 0.29987226868053546 0.0505377829516091 0.9526397823787983 14.616445924682715
0.9527610710925769 -0.020882821036775398 -0.30300206137264085 -3.2104964100915305 0.0017390177836367757 0.9979921929118091 -0.06331317954599604 -0.4348487457790406 0.3037158494838095 0.05979540678531449 0.9508844262578425 15.30209042084669
0.9515595147714351 -0.02013770948106908 -0.30680443690534376 -3.450508112456243 -0.0020319553256910074 0.9974191599873233 -0.07176970424722152 -0.4898948172370752 0.30745790119218547 0.06891655785829133 0.9490627729752446 15.975832342430264
0.9502465934300734 -0.019424706081246874 -0.3108924130116332 -3.6791582050954013 -0.005382529628804394 0.996880863657078 -0.07873736120235746 -0.544314657064765 0.3114521472864396 0.07649329688261941 0.9471780906897564 16.655838945423945
0.9485111577160575 -0.018646841687543315 -0.31619436899353964 -3.9139158558525176 -0.008786457008597644 0.996332493636224 -0.08511380791537775 -0.6048476298591574 0.316621827834689 0.0835096247129597 0.9448686473361895 17.352858968838397
0.9468216275735054 -0.0177132288870648 -0.3212709869898799 -4.15754973214468 -0.01227403091039285 0.9957684394056603 -0.09107449285514821 -0.666882156284364 0.32152473267894677 0.09017458958046934 0.9425976817655161 18.041887980127232
0.945314263699744 -0.015580931134530664 -0.3257885471142148 -4.4031168363039175 -0.01674881676606997 0.9952215400857377 -0.09619544316808855 -0.7373879791631919 0.3257305941767627 0.09639149720981247 0.9405361552236592 18.699162358454508
0.9433602616288619 -0.013375432049715636 -0.3315003990902693 -4.649214197492423 -0.020713550247188916 0.9948632584179327 -0.09908605293484654 -0.8092565749571912 0.3311228859738961 0.10034039499390769 0.9382374110622451 19.379566289507512
0.9418071540277987 -0.011983869609285594 -0.3359399819778001 -4.90925696545436 -0.02314486158977515 0.9946809948480361 -0.10036948674825395 -0.8830462666958907 0.3353559303248527 0.10230398505095185 0.936520311919953 20.041734931270444
0.9397233641254908 -0.010871192136122993 -0.34176280678009424 -5.16505115926718 -0.02468626970012679 0.9947293110852885 -0.09951977570350827 -0.9573474787550204 0.34104337994595557 0.101957907242761 0.9345020054262666 20.700556945400695
0.9374285454022653 -0.01045136330399585 -0.34802082016752867 -5.428648589340075 -0.025235244658666462 0.9948811038220223 -0.0978507623112272 -1.0329918102357227 0.3472620115878052 0.10051048832315414 0.9323662032940871 21.389464112664243
0.9349203029690477 -0.010237659198138694 -0.35471004698260933 -5.694880712556636 -0.025551748945090127 0.9950468884476177 -0.09606663269084509 -1.107210459703383 0.35393662599695647 0.0988781074093422 0.9300279483182405 22.073768194794724
0.9317284521779651 -0.009931659748576918 -0.36301990790683913 -5.9670407162469425 -0.025592635124299587 0.9953448653656685 -0.09291725360550553 -1.1825931532971024 0.3622528239081734 0.09586428492840202 0.9271369534463173 22.756420989666985
0.9284012119562587 -0.0075623135819043 -0.37150235672393417 -6.259706902808431 -0.02696667557443483 0.9957852760534445 -0.08766117957011692 -1.2521487723963123 0.3705994981737181 0.09140292888332419 0.9242843266792622 23.469608182582594
0.9249328217969239 -0.004178309312681752 -0.380107638563165 -6.574878021213384 -0.029371732273291384 0.9961646174413251 -0.08242181932740753 -1.3255693153613908 0.378994164211066 0.08739906572304558 0.921262626401773 24.192409710995687
0.9214760671369975 -0.0005664228015089403 -0.38843472663877693 -6.9024327885081735 -0.03230812747880721 0.9964221260573621 -0.07809693721352398 -1.4006991998584237 0.3870891920378882 0.084514057224404 0.9181608418675477 24.9247820314163
0.9176758959853936 0.0007609462071553664 -0.3973290461170373 -7.235007620578629 -0.033887459088495824 0.9965044063275336 -0.07635841987842117 -1.47171255509189 0.3958820405675545 0.08353675317292085 0.9144938604634777 25.66326864162528
0.9135534469232716 0.0006087756755153178 -0.4067182427759856 -7.561798237061499 -0.03434438320598957 0.9965426965489395 -0.07565128747854831 -1.5398546973927676 0.4052660397279904 0.0830799816269759 0.9104159234635845 26.39249139338147
0.9096245557745933 0.001024335636786393 -0.4154300401612482 -7.913340319782848 -0.03514572019722726 0.9966016660251877 -0.07449763504723951 -1.6066061139039165 0.41394195955917723 0.0823654661391327 0.9065693487560623 27.144279074377067
0.9058134450764861 0.002451861154537689 -0.42366967214511037 -8.28693959355308 -0.036613318096383546 0.9966952867456912 -0.07251186328381783 -1.6790219484828222 0.42209177634329675 0.0811941731640694 0.9029097621509927 27.89877251409293
0.9020206416749902 0.001019784037895631 -0.43169169789648815 -8.66167599065998 -0.03456712099362063 0.9969568114221355 -0.06987295832591572 -1.750074127891841 0.4303067233247106 0.07794918985800141 0.8993108737594753 28.65946257521593
0.8982474998187144 0.001059057770027935 -0.4394886886668029 -9.092787457109905 -0.03329762678489074 0.9972868587807364 -0.06565203236564568 -1.8167997681548094 0.4382267644951873 0.07360570426186634 0.8958456916122289 29.465639564300396
0.8944364465026353 0.0035789145688859742 -0.4471807627103884 -9.495122503860994 -0.03390640865072556 0.9976323111922938 -0.05983416346474889 -1.8842455126828248 0.44590783646415766 0.06868015023006836 0.8924400474789485 30.271324143971004
0.8907992958875852 0.0037897433728689236 -0.4543811751067022 -9.925714763921913 -0.03261472857133278 0.9979193496972507 -0.055617002616363494 -1.9502285089584834 0.4532249926100697 0.06436310546406182 0.8890694555143726 31.08595756873719
0.887033444553172 0.001438644808358951 -0.461702933221403 -10.383032141991675 -0.02935383959702195 0.9981478132378204 -0.05328503569918068 -2.0028934608735085 0.4607711149204602 0.06081836260263747 0.8854327226985056 31.937350163742845
0.8837390528443622 0.001760354363341745 -0.46797669560594807 -10.817679470872479 -0.029914506950344654 0.9981602941173944 -0.052736605137110315 -2.062717865729017 0.4670229210131599 0.06060468958739947 0.8821658930429974 32.749749207817636
0.8806757036592563 0.0019133028901951409 -0.47371578425921307 -11.27003136201032 -0.029459865394495872 0.9982774891815096 -0.05073628804309895 -2.1134994967540455 0.47280272980938753 0.058637819412938434 0.8792150958777297 33.573037100528644
0.8776114534045961 0.00014307345663687904 -0.4793726279034455 -11.717988039091118 -0.027223186395269 0.9984010219555636 -0.04954086677247553 -2.1645636704321154 0.4785990336132713 0.056527682493320096 0.8762120668744386 34.38955251911932
0.8752602546900009 -0.000399885517122844 -0.4836520718983484 -12.212872804653847 -0.026898328587452433 0.9984116989850125 -0.04950312362927684 -2.228435999662484 0.4829036824038439 0.05633754894763456 0.8738593216870655 35.245839564159134
0.8734854230326956 -0.00015064179105593844 -0.486850277864192 -12.697203399110645 -0.02760213530407517 0.9983761554394646 -0.049831459707324624 -2.28696847908065 0.48606721538902903 0.05696516090522219 0.8720628604447017 36.07612714377626
0.8720351643848245 -0.00048447145583082864 -0.48944298683681015 -13.177807530154409 -0.027805851270089492 0.998335413022869 -0.05052957292117384 -2.3365621353492605 0.48865274655062985 0.057672943325782544 0.8705701148653477 36.92092140695187
0.8716948221081907 -3.862764450981528e-05 -0.4900491155156515 -13.68439429552291 -0.02800388571458033 0.9983619563837159 -0.049891747118710174 -2.3867679722991912 0.48924832089098796 0.05721365705474221 0.8702658662453499 37.78112344540507
0.8716551445742031 0.0017186664701407304 -0.49011667501003 -14.19683764901323 -0.02955319348121445 0.9983585931825418 -0.04905841593071228 -2.4373588541066487 0.48922787910378124 0.057246533555607174 0.870275195960152 38.64710144801842
0.8715324197124447 0.0014623904092862397 -0.49033570419097705 -14.713159594387108 -0.028844465323878923 0.9984167337076124 -0.04829102062281494 -2.5021724347069845 0.4894887518731656 0.0562306612703815 0.8701947336790455 39.526460163636735
0.8709419343538042 -0.00011960617854833206 -0.49138593048480256 -15.22207148989648 -0.027922528129318617 0.9983721337661373 -0.04973343887273537 -2.553799182955305 0.4905919683473426 0.05703567492019975 0.8695208176803337 40.41044789735327
0.8698983935489625 -0.0017779079653463647 -0.4932277607193254 -15.74117054581637 -0.026393292854883742 0.9983929797750627 -0.050148300351439294 -2.6083749170507327 0.49252429279499405 0.05664183064775121 0.8684535243912948 41.30678147488849
0.8680329938308938 -0.002548916405750738 -0.49649997446740085 -16.260932233472033 -0.024799703646087926 0.9985160576662404 -0.048483577443580096 -2.6653856730645855 0.4958867777225345 0.05439839710706437 0.8666816705527712 42.22395521594417
0.8658762227900305 -0.0013263229372144332 -0.5002565418606072 -16.793706259176044 -0.02444581118564847 0.9986896330644461 -0.04496019489581901 -2.7175928108374525 0.4996606539666114 0.05115914069900502 0.864709184177314 43.15490908652623
0.8630539109774352 -0.0019200671076435934 -0.5051081667215971 -17.321343636025077 -0.02182334444943277 0.9989172682388595 -0.04108567695982978 -2.7770262386921125 0.5046401573236031 0.04648230369192328 0.8620775528105918 44.051026365953255
0.8590052470989373 -0.0025399645016148846 -0.5119604809326805 -17.867127507935077 -0.02045270121747798 0.999019160813341 -0.03927344319903818 -2.8322377509652794 0.5115580831825439 0.0442070685312883 0.8581107519559872 44.95944208942728
0.8538222573310488 -0.0056071710198666025 -0.5205344489265468 -18.397783777953045 -0.01887030190592488 0.9989514091451752 -0.0417132337854461 -2.888476481519503 0.5202225144994093 0.04543832963494552 0.8528211381103872 45.8393863736458
0.8480337265870562 -0.009030533584581802 -0.529865311219791 -18.973992421176998 -0.017500748153772904 0.9988322125202257 -0.04503259981390788 -2.9408932676496553 0.5296532095484041 0.047462202805168885 0.8468853623247681 46.70237302328855
0.8421622270436315 -0.008835633099860468 -0.5391518477466563 -19.529485921879672 -0.01785077691058569 0.9988608841139591 -0.044252502197716995 -2.9981210492803236 0.5389286901850714 0.04689206515813713 0.8410451837568579 47.54980171097924
0.8366028823234114 -0.0051370203416570585 -0.5477857503715917 -20.131981149372624 -0.019368583165611967 0.9990534499993214 -0.03894948049205065 -3.056556169197316 0.5474673280427924 0.04319508150765726 0.8357114990588742 48.44317628927983
0.8318411627267328 -0.0001667033222512285 -0.5550137405537259 -20.754242388298085 -0.022705138819118308 0.9991526042631294 -0.03433001697349864 -3.1150406355981524 0.5545491472039608 0.041158785261452634 0.831132479049616 49.32313358917137
0.82791032260229 -0.00028856598097679964 -0.560860423330303 -21.365165754424474 -0.02370129451624803 0.9990885646989056 -0.03550054261730116 -3.1690384773775437 0.5603594795904018 0.04268438376670416 0.8271488965208321 50.20777216441825
0.8244979349306518 -0.002245951931521009 -0.5658605048905705 -21.97243025595697 -0.024299283788951426 0.9989291777926967 -0.039370579900977115 -3.2261066905351075 0.5653429933256745 0.04621096681867202 0.823560469208697 51.07187184098411
0.8214736118648437 -0.005017596463325918 -0.5702244546978484 -22.56494339983224 -0.025977492862409447 0.9985938904840685 -0.04621051560482757 -3.2856836173423534 0.5696545223855511 0.05277372086191791 0.8201881854258064 51.903896592503486
0.8182873674619965 -0.0060267431541808315 -0.5747777506298144 -23.165290165614877 -0.026018373402406116 0.9985317855622899 -0.047511235168802186 -3.3413323616715687 0.574220191649169 0.05383262569042718 0.8169291400811121 52.74599658689046
0.8147069751469441 -0.005183876411486496 -0.5798496978289002 -23.78069014681671 -0.024595581255377655 0.9987512140733125 -0.04348643201943846 -3.400055041929962 0.5793510179758266 0.04969043984934545 0.8135620800885148 53.61639235927548
0.8116971158386715 -0.002967567489292924 -0.5840710450641935 -24.419507694510834 -0.024004804836530298 0.9989727074436217 -0.038435649175036175 -3.4552268987143977 0.583585093610129 0.04521861702819739 0.8107920295551218 54.49424477473972
0.8089014387064838 -0.0006296581859252011 -0.5879439309910004 -25.06601749358992 -0.025116247045965115 0.9990495574760906 -0.03562521355921734 -3.5066197999258084 0.5874075557846592 0.04358423152222178 0.8081168097309381 55.35347481959676
0.8058534051919394 6.957796044763522e-05 -0.59211509396355 -25.719587804329123 -0.026818258105535113 0.9989780589537869 -0.036381571723817376 -3.552017369538659 0.5915074558893919 0.04519770887797012 0.8050317364796501 56.23416831529812
0.8020930198237086 -0.0010689833995563582 -0.5971981621074998 -26.37174536744997 -0.027246792220271297 0.998891564285609 -0.03838300551990077 -3.6043006759696135 0.596577237131781 0.04705847504463781 0.8011748249057026 57.100253780203985
0.7981487986555136 -0.0036395060444323266 -0.6024493748029901 -27.01744130653763 -0.026295749174445698 0.99881832095829 -0.040871693057698506 -3.65693363369579 0.6018862257770281 0.048463550363139665 0.7971099394099179 57.94483496211524
0.7937447468199859 -0.005324766461401273 -0.6082276907193628 -27.676365013359202 -0.024779396445216203 0.9988484663924192 -0.04108190230878518 -3.7075602721329894 0.607746047628027 0.047680059224263195 0.7926987785690615 58.816601038661815
0.7896451909672961 -0.004779420675245417 -0.613545132423225 -28.335514136913858 -0.025029837947212953 0.9988863301014769 -0.03999508405697851 -3.7685427101337803 0.6130529990095147 0.04693886102578028 0.788646158762624 59.647320593344375
0.7848838380132069 -0.004868404707273563 -0.6196238047890552 -29.0262744638046 -0.025083195323014885 0.9988998786827484 -0.03962153051010884 -3.816812156025491 0.6191350370783798 0.04664044385704478 0.7838982554252628 60.492996199350216
0.7792910172959561 -0.005932554275047833 -0.6266341158615676 -29.718679778893502 -0.025577982702150236 0.9988207752383461 -0.041265309318395074 -3.8647597777723597 0.6261399820828595 0.04818572145384875 0.778220315261204 61.35212167025192
0.7741646375374076 -0.007400684037671246 -0.6329410271599942 -30.415131665979807 -0.024770935899832563 0.9988114793575661 -0.04197653437555936 -3.9215737887177067 0.6324994187516857 0.048175290132085914 0.7730612050151446 62.182091851464
0.7687678322326589 -0.008400206207796914 -0.6394727958716967 -31.117897024240733 -0.024706275778789893 0.9987772025321724 -0.04282171924545221 -3.9795361151293127 0.639050561427999 0.04871895152464191 0.7676202470628933 63.00500314477193
0.7630956103904696 -0.010103997997732686 -0.6462066222403314 -31.82551568256462 -0.023919291053366272 0.998751204862801 -0.0438622651101585 -4.0380460979052835 0.6458428267917058 0.0489279062453243 0.7619009798340898 63.838243307803964
0.756910132950226 -0.012410697281261304 -0.6534011212343178 -32.54057239972707 -0.022644506377404783 0.9987212096383951 -0.04520145738060699 -4.092669021632311 0.653126539782449 0.04900938697229341 0.7556611694538786 64.66758739268843
0.7505872294328857 -0.0132316822173182 -0.6606388828989438 -33.266888758599784 -0.022704545013373295 0.9986926559588436 -0.04579828129518401 -4.145890873280591 0.660381188896232 0.049375110324504125 0.7493055343666165 65.49154730476714
0.7443320701818337 -0.012993915359186153 -0.6676832538430657 -34.001285210004106 -0.02236535224471585 0.9987647836463954 -0.044370012020787754 -4.201270247974874 0.6674350607495803 0.04795899406152442 0.7431220455421903 66.30539159794839
0.7378532881556517 -0.01341035871850103 -0.6748278946790313 -34.750877680044404 -0.021674363335668377 0.9988162233425842 -0.04354737605914359 -4.261526686592011 0.6746130351037448 0.04675803959410687 0.7366891736692129 67.12366518936705
0.7314541458991815 -0.01569455632146216 -0.6817099921145142 -35.52655012928287 -0.019979651665400132 0.9988125756333264 -0.04443255873834153 -4.32347194417876 0.6815978623545031 0.04612070748133903 0.7302720276548944 67.95070549613608
0.7250450549570443 -0.016916833934122754 -0.688493637597314 -36.307792525755985 -0.020294232532007756 0.9987393468593896 -0.045911449125496794 -4.393833027520742 0.6884023622913226 0.04726031913256073 0.7237877104698681 68.7576547367903
0.7190713478818737 -0.01674942276754771 -0.6947343762131678 -37.107373958622574 -0.021017553526768113 0.9987280247674637 -0.04583224833908738 -4.451593707581899 0.6946183549972573 0.04755827352859 0.7178046750473857 69.57694831293593
0.7134771441502707 -0.016200383878346516 -0.7004911936187123 -37.906923831657444 -0.021359608189311066 0.9987651715819369 -0.04485419905526052 -4.515806248975636 0.7003528624294856 0.04696466328085293 0.7122500884448809 70.37849869835146
0.7080273236018136 -0.015880166682135828 -0.7060064655082136 -38.72507334343809 -0.02273211383184481 0.9987165109882888 -0.04526126025753595 -4.573799371973299 0.7058190703246757 0.04809522830293875 0.7067575885552959 71.19888919968184
0.7032573466035802 -0.016953587343284605 -0.7107331991150304 -39.54657378896459 -0.02229096090473557 0.9986982633155739 -0.0458791010416 -4.640222984025098 0.7105858269836488 0.048107740818243344 0.7019639789642534 71.99863568836288
0.6982258812062225 -0.018645247717101073 -0.7156346648614516 -40.37303010900621 -0.02313320525018737 0.9985510366675703 -0.04858684991804522 -4.705758561976375 0.715503650325173 0.05047951968545004 0.6967828531642245 72.78872041133803
0.6931071293090871 -0.021662153820207673 -0.7205090272805649 -41.191602894399516 -0.021859084728740083 0.9984570305657813 -0.051046435023118425 -4.770762270229835 0.7205030796018423 0.05113031591548407 0.6915641713381646 73.5704878133547
0.6872221000763958 -0.022793595670079367 -0.7260896894757675 -42.04074440287585 -0.02154217762275131 0.9984286351124521 -0.05173195502532212 -4.835827402757077 0.7261278948985901 0.051192895834294004 0.685651199711806 74.3826226872195
0.6820972488968089 -0.022536157019273917 -0.730914129480479 -42.90412971260423 -0.021156172908955745 0.9984984546229395 -0.05052971861622366 -4.904655318119014 0.7309553744212095 0.049929527760542734 0.6805962700914221 75.1804842635298
0.6772058552329248 -0.022872111574004535 -0.7354380301224491 -43.77904482755049 -0.01979198676198414 0.9985888369345917 -0.049280949763774014 -4.980608566863912 0.7355273665189189 0.04792912748790928 0.6757975228128534 75.97867608391024
0.6722942925969169 -0.02394332992596884 -0.7398966827156792 -44.67717095028615 -0.01898095073009061 0.9985906987566361 -0.04956147562473963 -5.054520061363288 0.7400406121632733 0.047363839675176135 0.6708923602488176 76.78701212161985
0.6674582330614641 -0.02463805733183633 -0.744239526798584 -45.55884106768784 -0.01847092402463454 0.9985971630073032 -0.049623895447943336 -5.128736246570301 0.7444181164400443 0.046868669328936234 0.6660668102759577 77.57356002692056
0.6623216297558278 -0.026119568184874983 -0.7487641998088707 -46.46162713420045 -0.016641355366240278 0.9986326976150613 -0.04955603440173755 -5.194110585159044 0.7490347949522487 0.045282484603731014 0.6609813707956924 78.38959431674243
0.6581342526971693 -0.027473918024141206 -0.7523991555385612 -47.37458675231547 -0.014839906917945405 0.9986664931804358 -0.049447068278544996 -5.26244954904791 0.7527543308340406 0.04370834276289732 0.6568489157968627 79.19110262403372
0.6544121383109719 -0.029892799279374726 -0.7555469368493946 -48.271102474769734 -0.012387118079946913 0.9986603298815564 -0.05024047000696135 -5.3396234288179745 0.7560365814806409 0.04223702252869778 0.6531651562897194 79.95741313963909
0.6502052150021165 -0.0348544637135384 -0.7589587240049959 -49.19062435475257 -0.008870477171486412 0.9985308068781461 -0.053455985165507494 -5.411852679459783 0.7597068467631445 0.041489686363073666 0.6489407622477499 80.74431851262848
0.6452412364692367 -0.039392185304377 -0.7629626481660781 -50.115540303047986 -0.004208812867866102 0.9984713609629083 -0.055111044547415985 -5.483466841492553 0.7639672981573831 0.03877108553818652 0.6440891011904295 81.52991675379015
0.6389654558525832 -0.043205851610648174 -0.768021093859861 -51.04637900369726 0.0011194860034016618 0.9984725457312076 -0.05523877417281852 -5.558671766792836 0.7692346150415922 0.034435879655177706 0.638037833685577 82.29928912441268
0.630318249588432 -0.047350877747271806 -0.7748914753772532 -51.99317116058206 0.0060393828989285265 0.9984070842137933 -0.05609652436556926 -5.632780664115178 0.7763133581808144 0.030678796721179836 0.6296001757796479 83.07833976018716
0.6214127780534925 -0.048610576452185625 -0.7819738941478962 -52.93059336186819 0.009006321117106553 0.9984506584392434 -0.05491055310377581 -5.707867205162519 0.7834315831339547 0.027079411352779217 0.6208877998712883 83.82088193793174
0.6127978937203246 -0.047219679239507095 -0.7888276385525864 -53.90223120397467 0.00944572788594884 0.9985795256646 -0.052437669171629585 -5.785145119595862 0.7901832190553253 0.024682641997292802 0.612373454280469 84.57122576743708
0.6039290836011527 -0.04704343393518295 -0.7956485262377204 -54.89706027351246 0.009065961261462505 0.9985975071754062 -0.05216154723027484 -5.860117318302999 0.7969864931898633 0.02428855670138533 0.6035085713445041 85.3056615739863
0.5942839029741246 -0.04863469274125012 -0.802783475993249 -55.91255919683439 0.008083936033838442 0.99848070979718 -0.054506166083365046 -5.930623495788732 0.8042147055631597 0.025902486847223297 0.5937741730077908 86.05618251542174
0.5841638366027331 -0.05130117992526981 -0.8100128399870267 -56.93983178088609 0.008639828618664495 0.9983369306326819 -0.056997599040158074 -6.006374131979405 0.8115897765293825 0.026297564016034496 0.5836355650230765 86.79798147336193
0.5745087377934949 -0.05324936589682583 -0.8167644796576974 -58.01229001657045 0.009063142594348223 0.9982342088242714 -0.05870539821245198 -6.085046172793911 0.818448269376408 0.026324311283561164 0.5739768819301043 87.52572553563708
0.5644857872786497 -0.05447185577986008 -0.823643498662072 -59.099727499077744 0.012253585345953631 0.9982632488514648 -0.05762235363706508 -6.166003550438775 0.8253518314068063 0.022434413752169147 0.5641728914730154 88.25587434262101
0.5541876089250591 -0.05448196969190888 -0.8306068920328155 -60.184461713435226 0.013881987871451859 0.9983218525911088 -0.05622071728269288 -6.257896737525091 0.8322760266442011 0.019626350081800574 0.5540139184675806 88.98503887063576
0.5442210619349379 -0.05463881629071159 -0.8371606987315849 -61.27831420700493 0.013419155162021712 0.9983161809964803 -0.056433403541933866 -6.351439408346552 0.8388345260068529 0.019478257492365505 0.5440378989224135 89.68369637280395
0.5338474076535158 -0.055493817561772324 -0.8437578927358481 -62.37782132877521 0.013451383349790355 0.9982752284387199 -0.057145678503147265 -6.444249255414764 0.8454738349751537 0.019157361457901555 0.5336731114403015 90.38264174931994
0.5233086119139762 -0.05617908911098559 -0.8502893664178828 -63.43626879770617 0.012165696689473917 0.9982153103799876 -0.05846528839432876 -6.525832897702823 0.8520563904582383 0.020251026384658102 0.5230581262246482 91.04021265352027
0.5134778907015553 -0.057103111949981994 -0.8562007301832362 -64.52814885857384 0.010835700057114789 0.9981352993737379 -0.0600708893588054 -6.612422177240452 0.8580344068654525 0.021567539259574265 0.513139160350613 91.68415801169829
0.503827889668401 -0.05701869633319765 -0.861920138911225 -65.60267456189635 0.009898793334131762 0.9981346301993784 -0.060243455140495346 -6.698809574734743 0.8637473423882753 0.02182036354415696 0.5034524806294894 92.30645372371426
0.4956453152415183 -0.05447104997212355 -0.8668152203290316 -66.67828027897208 0.008442006142375414 0.9982863680469805 -0.057905612023766574 -6.785523539549379 0.8684839975563297 0.021382985911447362 0.4952558065304053 92.89962483164604
0.48754675288898736 -0.052770241775912115 -0.87150069726324 -67.76285572601294 0.009312637233233997 0.9984293383209865 -0.05524609640205886 -6.875153555805018 0.8730472143791317 0.0188190850684895 0.48727241200586924 93.50486561901761
0.47992862017550986 -0.05330721658491494 -0.8756865079447081 -68.87719668428525 0.009502071746031925 0.9984095641971295 -0.055570250604224235 -6.954774781160883 0.8772560801550254 0.018348917669766436 0.4796718535117346 94.10030077337451
0.47237040931638413 -0.056348465240202456 -0.879597093485047 -69.97329484113703 0.011773819662816966 0.9982687042963113 -0.05762786819843279 -7.042401635782562 0.8813214927441717 0.01686548213429009 0.4722160331242027 94.69372709082232
0.46559087035594554 -0.060092854925457406 -0.8829575245888662 -71.06976492561049 0.014563873475104953 0.998077182253135 -0.06024808590344064 -7.127585127569269 0.8848802376765968 0.015191677081055087 0.46557080870354184 95.26640220478545
0.45879024919681216 -0.06312287765645856 -0.886299616133445 -72.17604389074565 0.016265259115451538 0.9979029052109992 -0.06265168088199821 -7.21604843088935 0.8883957162142502 0.014328087374111974 0.4588548325171752 95.85583280973594
0.45339020653736456 -0.06649249182774228 -0.888828481286767 -73.2717367720948 0.017914287713788876 0.9976918543334469 -0.06549841289971485 -7.308351596183422 0.8911320883638455 0.013773609810485941 0.45353488152629956 96.40887017315015
0.44804319923371966 -0.06798881029602469 -0.8914229149483099 -74.34767521105417 0.02156825544192791 0.997635886384698 -0.06524912684928792 -7.396856212113654 0.893751700405432 0.01000799040436456 0.4484503742338281 96.96212142710675
0.4436869263187192 -0.06547597173551044 -0.8937867802441113 -75.41942975103312 0.02325281671531139 0.9978327920169051 -0.061555062265710676 -7.489306226138478 0.8958801359158756 0.006528116192441624 0.4442478652400322 97.50807101690236
0.44018526919821593 -0.06341265361203029 -0.8956649843232525 -76.50847277241708 0.026561218476747337 0.9979861635939264 -0.057603115784574124 -7.58501823510388 0.8975140279984046 0.0015660896977020024 0.44098312542446955 98.04092311539159
0.43675126949394105 -0.06286834060936683 -0.8973828059108625 -77.60592983469365 0.028114439156400828 0.9980216054705107 -0.05623569440283219 -7.673104602383043 0.8991428734669192 -0.0006684033754747869 0.43765471130855554 98.57243806084429
0.43399320116624956 -0.06328814642769263 -0.8986904427349915 -78.71919388697816 0.0304960450131252 0.9979898516393464 -0.0555540031268233 -7.749259457960774 0.9003998514993357 -0.003296444539906666 0.4350508486066495 99.09313363920228
0.4315936410762979 -0.06238453418822194 -0.8999083836016972 -79.84123141589104 0.032135071454856626 0.9980358562114228 -0.05377515131458422 -7.837385526715955 0.9014955719054264 -0.005709606854579848 0.43275066057080774 99.62182489448054
0.4298803685806712 -0.0609208561128265 -0.9008282400099497 -80.94992272053669 0.03348110728601611 0.9981104414339859 -0.05152244321980374 -7.931587786532805 0.902264863642515 -0.008012240068544412 0.4311077821673306 100.1386545447622
0.4274896730238448 -0.06185499986143167 -0.9019016234878975 -82.07384768119203 0.036015936124143874 0.9980297049185732 -0.05137665272503775 -8.023050600572002 0.903302514002405 -0.010519842787319903 0.4288751579476962 100.67783857699538
0.4247585855780637 -0.06253491227705002 -0.903144245801423 -83.19298594691767 0.03860870625933112 0.9979550674517063 -0.05094164453983986 -8.098002889133225 0.9044830080099352 -0.013231330014193727 0.42630437498030826 101.21730047027717
0.4226291475920612 -0.0625767571809861 -0.9041397862423247 -84.3131444038597 0.04251027754940887 0.9978841738505556 -0.04919402282034504 -8.165651752520498 0.9053051860606328 -0.01764440532544197 0.4243950931059769 101.72989512154743
0.42045699592156055 -0.061368233385834976 -0.9052346958174524 -85.42549138054821 0.04348517875304502 0.9979264115799185 -0.04745436017928643 -8.25231830545587 0.9062698018854151 -0.01941177483672209 0.42225374976221963 102.24923192422993
0.41793175893649553 -0.06247472060134496 -0.9063277299950763 -86.50418166421902 0.04629408774806931 0.9978010804309723 -0.047432703173462876 -8.336729035327163 0.9072981330917731 -0.022133982392505656 0.41990497081080946 102.75974828611594
0.41734552700540967 -0.06363513824579903 -0.9065171152653501 -87.60745641504276 0.047580851236570916 0.9977071060936382 -0.04813099880372513 -8.415319564963767 0.9075013904585355 -0.02304559894381171 0.4194164120359866 103.24117712894395
0.41730787075922077 -0.0650895465867382 -0.9064311843309095 -88.71106612018367 0.04772184822296398 0.9976250572739724 -0.04966759810249109 -8.498192054692492 0.9075113036235886 -0.022529891793328954 0.419422981930164 103.73290903587908
0.4171755647652046 -0.0655694034847571 -0.9064575012042664 -89.81115055443827 0.04671933597071967 0.9976224842836078 -0.05066243675782509 -8.58449792139899 0.9076242900062131 -0.02121396187511887 0.41924708229428753 104.2413662691555
0.4192410554742812 -0.06501171494054557 -0.9055442641446617 -90.88316634510375 0.04473692210020082 0.9977004420454785 -0.05091596746836941 -8.674054834934603 0.9067720469918593 -0.019165199261394827 0.42118541039720186 104.7364709030686
0.4238421276626733 -0.06535261601134716 -0.9033752744008708 -91.94055384697702 0.04277253755467506 0.9977249268450175 -0.05211027137926444 -8.753241802873601 0.9047255721209098 -0.016553124555814206 0.425673153038722 105.21485985859442
0.42851821627761677 -0.06595038418383253 -0.9011230133251794 -92.96562664091385 0.0415591074745999 0.9977156696682465 -0.05325676562033101 -8.83142894894939 0.9025768548462559 -0.01462837395028201 0.4302801782227553 105.70369905741312
0.43458188057729596 -0.06645101117063153 -0.8981775170801697 -94.02045388437226 0.04149948751518696 0.9976925577634208 -0.05373409271069682 -8.906622807095514 0.8996757091362823 -0.01392204359516555 0.43633679089925065 106.19302205961762
0.44109699583239953 -0.06558646367107246 -0.8950596941270187 -95.04569606657472 0.04103080975718444 0.9977569810165388 -0.05289120421594767 -8.984688186150958 0.8965210052855964 -0.013394872745441596 0.44279867261073785 106.69735490089536
0.44875853561921364 -0.06432037942766777 -0.8913353271912748 -96.05014242892597 0.0398002836007673 0.9978552856973029 -0.05196889676751786 -9.06143222347545 0.8927663267250798 -0.012153912794462512 0.45035604611194807 107.2043303777165
0.4580775365984558 -0.06382760248368606 -0.8866177347792409 -97.09289577712514 0.03929560146532745 0.9978977235806317 -0.051536287973154085 -9.134692582021877 0.888043256924663 -0.011232561317809737 0.4596226750247131 107.71744258820529
0.4669905704487617 -0.06402585290878322 -0.8819413230318901 -98.08624654948795 0.03924293498409639 0.9978931767238848 -0.051664300070049 -9.203784552173506 0.8833910794012857 -0.010483225037984663 0.46851926622821916 108.24593258899404
0.47636033800795297 -0.06498280480114309 -0.8768455185795974 -99.06437419315299 0.03851710872211177 0.9978500592283851 -0.0530253866895629 -9.276642339430826 0.8784060910015552 -0.008514363045188792 0.4778391412528874 108.78254532989432
0.48867277397180714 -0.06595762196598236 -0.8699704087400267 -100.04850991987304 0.036497014192191174 0.9978108730463516 -0.05514915761380746 -9.356612739636374 0.8717034403590183 -0.004801430521228025 0.49001026349577165 109.27007616371473
0.5009205228693228 -0.06751140530458277 -0.8628562104557873 -101.01745419492178 0.03550597429134369 0.9977167717312544 -0.057450580465010746 -9.4220344937176 0.8647646821869754 -0.0018583756198949934 0.5021738651922345 109.78522812331907
0.5124925468781764 -0.0657705583458015 -0.856169155628255 -101.91743890162893 0.033080172970585596 0.9978344407734929 -0.056851833413409894 -9.49231672952352 0.8580542474404232 0.0008139171404638641 0.5135584153612242 110.33211463066836
0.5252419564463194 -0.0633428739085006 -0.8485921090332219 -102.83451315437408 0.031719128514068884 0.9979900167669493 -0.05486185669290384 -9.5618569086672 0.8503615607932574 0.0018991467812036053 0.5261954096785265 110.88771152008692
0.5372257540099595 -0.0613199986102917 -0.8412064829748171 -103.74853587231269 0.0313367257250965 0.9981162034126844 -0.05274518087806466 -9.633717431399747 0.8428561554911101 0.0019754127324497664 0.5381352979458566 111.47249323672203
0.549627672334586 -0.06094387944836758 -0.8331838124698806 -104.63742079610807 0.03141115560511377 0.9981378908560498 -0.05228852781411436 -9.704727348716236 0.8348189990097322 0.0025679554511154486 0.550518523300701 112.04451274622875
