1.0 0.0 0.0 0.0 0.0 1.0 0.0 0.0 0.0 0.0 1.0 0.0
0.9998686904896642 0.0014926846227987743 0.01613609838533411 0.007195804669904524 -0.0014771141541092439 0.9999984319755716 -0.0009768214647348393 0.00010273072869448858 -0.016137531169917292 0.0009528583394695477 0.999869327536716 0.1366819594137713
0.9992454431137106 0.004605132639546558 0.038566010551471464 0.015587911300727696 -0.0045785234326174975 0.9999892156608061 -0.0007782578382527019 0.003104717051150225 -0.03856917862310522 0.0006010952154290752 0.9992557516196146 0.2836311142927973
0.9978704107324361 0.006357822732927112 0.06491703532028985 0.057122099196469205 -0.006420934545767199 0.999979094037267 0.0007636019683284924 -0.003067358140407522 -0.06491082332121555 -0.0011788038444689025 0.9978903724544386 0.4335482242634222
0.9950668038566766 0.006149638965956067 0.09901635119032792 0.1026665012119327 -0.006472032604460683 0.9999747487247489 0.0029350820844560306 -0.003910858674245804 -0.09899580120603484 -0.003561439802115295 0.9950814778148123 0.6252769793716546
0.9906045765149466 0.003210838669069987 0.13671965294968974 0.1709650138748906 -0.003958410980226649 0.9999786639822719 0.005196399016910717 -0.011324532151266446 -0.13670005109784722 -0.005688769222998417 0.9905961507771835 0.8154470499580333
0.9844145892428774 0.0001875385480679784 0.17586324606087872 0.2546277048461815 -0.0011540145263301367 0.9999847898667162 0.00539335569870704 -0.009266401761992952 -0.17585955969536957 -0.005512246775385353 0.984399832587977 1.0151108892724046
0.975588071737355 0.0004826579883005856 0.2196080174425676 0.34319697905151514 -0.0019212403993415347 0.9999780743596168 0.006337163037255674 -0.005846613484553048 -0.21960014371378883 -0.006604380462931574 0.9755676086461581 1.2296507428955308
0.9635050336759898 0.0008882943692794705 0.2676887390499318 0.44245390818420016 -0.0034637524044265036 0.9999521477338239 0.00914902518269255 -0.001359349770075428 -0.2676678025095843 -0.009742339330274928 0.9634620046084139 1.4660845096324735
0.9491002610889571 -0.002955580611430964 0.3149602497841943 0.5657069662835987 -0.0023579240432113928 0.9998612827574527 0.016488039205061384 -0.006674226637683177 -0.3149652910958272 -0.016391454659990777 0.9489616354832526 1.6993513041248347
0.9320561117128647 -0.012385908692268882 0.36210218707508723 0.706773843248416 0.0038605537768781253 0.999698274316822 0.024258121372101628 -0.005291614693531191 -0.3622933904216727 -0.02121201531761132 0.9318227029123803 1.941958958797048
0.9105264952509062 -0.017683871469729762 0.4130723691266971 0.8567572485196038 0.006390627973368569 0.9995674878472615 0.028705349898943185 -0.005365670650946812 -0.41340133202519586 -0.023497189801269046 0.910245692520012 2.170001213524897
0.8852220167042263 -0.019021923399814174 0.46477967637610057 1.0218565929936145 0.004294774704048573 0.9994551791953257 0.03272460373909378 -0.0026729431738697126 -0.46514893964443554 -0.026972415720711303 0.8848214242082101 2.3951096872931066
0.8567959499726033 -0.021383641796926048 0.5152120339957554 1.2132774999825975 0.0024603250331262784 0.9992979491391379 0.03738389555736471 0.0018725344499263535 -0.5156497327753345 -0.03076278124314132 0.8562470463475548 2.6228646322731586
0.8244034437991232 -0.026024771359441055 0.5654039910787978 1.407263229389465 0.00311956764361164 0.9991361120915099 0.04144029213674017 0.004380280689180538 -0.5659940195354201 -0.03239970355343229 0.8237724376669731 2.8355746943133524
0.7884270201082129 -0.03142068104664987 0.6143253004441926 1.6374973945387215 0.005115818439393747 0.9989949670361181 0.04452958834527044 0.010353239503060472 -0.6151070332592354 -0.03196555394590934 0.7877953674628658 3.047778913614214
0.7500054648255197 -0.03551691091401493 0.660477366584943 1.8925636925666272 0.0059382685497222035 0.9988785976034651 0.04697109979939849 0.019317625896701822 -0.6614049740503067 -0.03130648956461989 0.7493753158549141 3.270665215094345
0.7105665904643658 -0.03851195727136501 0.7025752270490143 2.1720842747608686 0.006844527962949944 0.9988320865518924 0.047829021643313936 0.031379250792000234 -0.7035966692308955 -0.029176909046724108 0.7100003063560381 3.4783697570274557
0.6685291643025172 -0.04016525169443562 0.7426005043314337 2.472998163682461 0.0059588957274885794 0.9987977349297564 0.048657746155120384 0.04893589756433256 -0.7436620523051355 -0.02810404340143789 0.6679647555865525 3.696458094091529
0.6258832585098439 -0.04042452420148597 0.7788684128658588 2.8000548232070313 0.0014201574768991137 0.9987132424425043 0.050693614220331897 0.0658958543272844 -0.7799154632842199 -0.030622168653813047 0.6251353076871411 3.916463215261237
0.5843117473619569 -0.04111174877822275 0.8104872645558422 3.1429219831900492 -0.0017015340190059197 0.998651718429825 0.05188304211530589 0.07804303158280602 -0.8115275021074748 -0.031694942649463924 0.583453977562625 4.124955681784455
0.5446654069643904 -0.0424480732072776 0.8375785070889197 3.520801972704942 -0.0038858585317586183 0.9985798061724331 0.05313445970456275 0.08981719319145236 -0.8386444386984181 -0.032195213706610507 0.5437269293079011 4.325160851661257
0.5063740582144969 -0.044556083260343965 0.8611620455012386 3.9264854890446537 -0.005617788749251847 0.9984725446553386 0.054963788252455834 0.10425314762680832 -0.8622956300578984 -0.0326700629627396 0.5053502877896284 4.524295840987804
0.46904356621323007 -0.04421490308640946 0.8820675571287232 4.358867905087032 -0.008466491739101759 0.9984750311423098 0.054552091646375256 0.12776718480524582 -0.8831344470190281 -0.03305532529596804 0.46795394427012854 4.729135850154117
0.43311220772398756 -0.04356249913950511 0.9002866899988985 4.820750623332231 -0.009591521944149115 0.9985520751361407 0.05293161577074002 0.1467829928421943 -0.901288975982313 -0.03156044850801395 0.43206726312314436 4.923148535537966
0.39961321934524835 -0.04213500038303299 0.9157149756705123 5.304380821483758 -0.008208347802458552 0.9987385456824447 0.04953726268647139 0.1701290945516528 -0.9166470956430712 -0.02731225202791657 0.3987632667865524 5.109405789961335
0.37003937399187026 -0.04014976996212291 0.9281480796013598 5.812513595888257 -0.006087526886467462 0.9989394463426643 0.04563906831889306 0.19421775137117736 -0.9289961268552785 -0.022538378659492847 0.36940251457629514 5.291335579075029
0.344522707522992 -0.03837394304663022 0.9379933605820883 6.344113334112884 -0.004933929978007482 0.9990763922559662 0.04268511182805075 0.21631318538088332 -0.9387650187006311 -0.019333983858870574 0.3440151693343564 5.472767255366543
0.3237549969017348 -0.0379796628664874 0.9453783619216723 6.8991931305159 -0.004165172346139871 0.9991271045048703 0.04156537480930874 0.23385188998648682 -0.9461317843305355 -0.017394661602322864 0.3233142007819266 5.658318399997908
0.3089201940061982 -0.038737253924981646 0.9502987629653757 7.464588856755402 -0.0033082760244072056 0.9991204026706535 0.04180282618406036 0.24872928472021816 -0.9510822094040648 -0.01605758778832992 0.30852031510015804 5.840625414108155
0.29725389854817785 -0.039997420776459895 0.9539603378176366 8.057889371033038 -0.0027451450346112015 0.999082257616327 0.04274466861492243 0.27362634004337094 -0.9547945244798206 -0.015324778872512245 0.2968712973257267 6.0229733103225875
0.2861643762514423 -0.042087901749837286 0.9572557434097314 8.672704460968191 -0.0041706028405155806 0.9989706647259003 0.045168762314644166 0.29254138365932564 -0.9581714647371667 -0.01691802421638466 0.2856942852421871 6.214415464267811
0.2756571717093792 -0.04396336371863322 0.960250147792609 9.31874025022128 -0.0048953245169992 0.998876433990844 0.04713709171773287 0.3157200607402117 -0.9612435484740883 -0.017694413476457425 0.27513223774880524 6.397620609511237
0.26564513237803655 -0.04596071177217924 0.9629747019611931 9.992173273857862 -0.005692442109771567 0.9987707787577726 0.04923949230462419 0.33804612239940796 -0.9640540751154367 -0.018561909195578166 0.2650569670473365 6.5835733989769585
0.25556417060681397 -0.04780695904278123 0.9656093668607051 10.690184307029977 -0.006316064021549476 0.9986727724277892 0.051115564622400196 0.368076488683534 -0.9667714631893748 -0.01916215745872316 0.25492302697912594 6.7658825211004405
0.24490693593610358 -0.04939788764348138 0.9682873754349737 11.420756113505757 -0.0068180138422907705 0.9985887917983857 0.052668202759199444 0.3965130754688174 -0.9695226183115242 -0.019500604888048556 0.24422452577774548 6.952124794914119
0.23414733339935115 -0.0508611106835616 0.9708698026419433 12.178605109378408 -0.007337064493333813 0.9985097264589502 0.054078587735721745 0.4254607128317529 -0.9721734380996999 -0.019785691468937213 0.23342521857439127 7.1366521387200486
0.22390417550757952 -0.053497054308701636 0.9731418115416482 12.96294809145164 -0.008797843373338148 0.9983407435422983 0.05690657023039081 0.4617554054904419 -0.9745714535847263 -0.021303167926390837 0.22306200235371962 7.314349052228425
0.21175861429586734 -0.05711997020350545 0.9756513712773853 13.770836584570793 -0.011037195986311091 0.9980871749772855 0.06082903460205779 0.4970273464522894 -0.9772596735649389 -0.02364952747539012 0.21072311281379885 7.50690546965014
0.20013780475697496 -0.06102078382805241 0.9778656978583852 14.580838170006908 -0.012144017589137026 0.9978274951988148 0.06475193172447727 0.5330658191754811 -0.979692493563083 -0.024834527703717618 0.1989619669431312 7.665802490275095
0.18798180332886855 -0.0631726401663345 0.9801387958608918 15.427246428187978 -0.01296030435919458 0.9976829403829852 0.06678907829634448 0.5731387945574568 -0.9820869982481903 -0.025258028489432736 0.18672750163991228 7.812633475013639
0.17408915753772675 -0.06366228004622221 0.9826698730128642 16.259911738334093 -0.013133724727849677 0.9976691637824824 0.06696077144368072 0.6111342063557338 -0.9846423058667423 -0.024563259899210148 0.17284726136258655 7.961620720008906
0.15981480502988607 -0.062813720453519 0.985146519364528 17.106031131166706 -0.01445126883419817 0.9977176405245146 0.06595961351671774 0.6520966088536966 -0.9870412295959772 -0.024777939966433963 0.15854231223455348 8.094507378176335
0.1431906066200048 -0.061603374233467026 0.9877760244401785 17.96517498087536 -0.01483603592310173 0.9978151578539981 0.06438014286165022 0.6961324325233985 -0.9895839237850831 -0.023873312293216715 0.14196380787463803 8.215192561528651
0.12266110745211947 -0.060183142109800934 0.990622149017681 18.825329277187063 -0.017357599613747082 0.9978768691579621 0.062773145015598 0.7305199944273433 -0.99229681368745 -0.024894646117025694 0.12135604698753039 8.3183118934485
0.09677006454640634 -0.05885925341549121 0.9935648659725508 19.703859858588086 -0.02192122332352775 0.9978817025426809 0.06125004243686428 0.7716520301267173 -0.995065331812782 -0.027707327873482093 0.09527480992595616 8.411760345129208
0.0669157183703764 -0.05796919339043899 0.9960732198250466 20.587791431024574 -0.02584829655243447 0.9978750252471185 0.059810530455743874 0.8166321080974598 -0.997423757587672 -0.02974906058553676 0.06527511925660703 8.462493490770314
0.03411823190926032 -0.057834314715678826 0.9977430221719173 21.44479180590764 -0.02861209943924776 0.9978585192990472 0.05881941199968629 0.8457565356598634 -0.9990081551304082 -0.03055433690456988 0.03239040721043036 8.490509920145803
-0.0009568986214055797 -0.05738256371412574 0.998351804589254 22.33249500925864 -0.0308406699210589 0.9978790518761269 0.05732583105039774 0.8788412798539684 -0.9995238553550617 -0.030734983461728538 -0.0027245857958012342 8.494338076176279
-0.03435596249650543 -0.05628046260233666 0.9978237205890642 23.198337264153544 -0.031354118850096396 0.9979823598573121 0.05520986003208533 0.9071908353761828 -0.998917707857894 -0.029389095646097388 -0.03605126884080395 8.452124666857454
-0.06566335378640482 -0.054669072969127125 0.9963431218361548 24.057636957996863 -0.033060719024391345 0.9980690427879819 0.05258492831477375 0.9330921651207265 -0.9972939951825178 -0.029486917251146504 -0.06734395952060201 8.376454294819704
-0.09778642342922077 -0.05152982218354913 0.9938724731164709 24.93218976248654 -0.03530712188669302 0.9982095806675866 0.04828084721208885 0.9645338571834906 -0.9945809280983603 -0.030369565179151542 -0.09943071443889981 8.2853387906079
-0.13072627513389348 -0.04702468278278539 0.9903026407108049 25.78722998735573 -0.03277849161579819 0.9985333981546407 0.04308855134645609 0.9862404772749038 -0.9908764864891121 -0.0268278209872058 -0.13207594990787638 8.166992593108537
-0.16231078994248554 -0.041540715418736454 0.9858648875128596 26.636654820233527 -0.02792443448424048 0.9989066592985386 0.03749282555058593 1.00040768380042 -0.9863444801016414 -0.021444229329376625 -0.16329332993569426 8.014902274498729
-0.1928993973393208 -0.03493472237383351 0.9805964448634247 27.501022873974993 -0.022175867480281546 0.9992659557887472 0.03123748554375751 1.0186636668123175 -0.9809679166046253 -0.015719884677142103 -0.19353250842717187 7.832871522117471
-0.2213272652845717 -0.0295442548248334 0.9747519574991864 28.36164281441958 -0.01576721163342469 0.9995187409244092 0.02671481944892742 1.0221517074051845 -0.9750721187065884 -0.00945640247278453 -0.22168658004785233 7.617071286492944
-0.24910619639660284 -0.023458120737815134 0.9681920364722408 29.23719553672358 -0.007135248968731588 0.9997239334239798 0.02238627171813354 1.0276977819166009 -0.9684498908766354 -0.0013317322305695448 -0.24920480603370068 7.36732045239427
-0.27511755048751685 -0.013179394883622502 0.9613202572318176 30.094770875615463 -0.0014620312977474388 0.9999106146322968 0.013290041766083865 1.023833719095254 -0.9614094839755998 0.0022508434333284636 -0.2751122276919098 7.104254092745644
-0.29999178794947806 0.002644818310607861 0.9539381175416867 30.924892324533904 0.003771316496916903 0.9999916300442001 -0.0015865098237831192 1.0107450717398245 -0.9539343291520395 0.003121662641084936 -0.2999992514783984 6.8211491189481475
-0.3247905952391169 0.01969798630210156 0.9455808048918187 31.715306227632475 0.004436135889240863 0.9998038226765877 -0.019303804279245468 0.9893318102259745 -0.9457755494527169 -0.0020749691374793997 -0.32481426163345367 6.543766224456722
-0.34987931594033006 0.03450178868817465 0.9361592230248231 32.484186642789126 0.004603764951333285 0.9993728185410765 -0.0351108944564814 0.9557602595334511 -0.936783469978733 -0.007974718714659455 -0.3498187162460321 6.246544656516081
-0.37435036177592657 0.04488523563435344 0.9262003683114571 33.24666778757825 0.008678550561968349 0.9989536408670384 -0.044903297859154444 0.9140838168648112 -0.9272467252022909 -0.008771489071603886 -0.3743481956428932 5.928256214656982
-0.3979182069769923 0.048921805464132516 0.9161155808664878 33.99515206103472 0.01150349666580775 0.9987647522658778 -0.04833879596903473 0.8640533024082941 -0.9173487723437971 -0.008696354489434711 -0.39798945123949975 5.595662078796769
-0.42018225492003486 0.0484839329350466 0.906143576315289 34.750310416769594 0.015159870663511148 0.9988073275749694 -0.046412290441325825 0.809065062661427 -0.9073130942358194 -0.005764601434130568 -0.420416125283658 5.236462436368826
-0.44056204228327245 0.04421234166444405 0.896632787568989 35.50622646873168 0.01870054129937994 0.9990217626376885 -0.04007252838780331 0.7536429443667046 -0.8975273681923575 -0.0008869164716733176 -0.4409578627543328 4.857411246601327
-0.4579607474458614 0.043121611505448146 0.8879259430943542 36.2538127591382 0.026833921957203286 0.9990382353574948 -0.034677729541771125 0.7032955447123007 -0.8885673268983167 0.007945496520094802 -0.4586774189491188 4.454231764259273
-0.4718667836293227 0.043788231683297534 0.8805818129358367 36.990722198717016 0.029249906687014184 0.9989936253768664 -0.034002638356171115 0.6578679024296658 -0.8811845331518912 0.009712220262617262 -0.47267271056350435 4.051785795375148
-0.48295273587250676 0.047966464122243944 0.8743316723262786 37.711078362157316 0.03312321260843253 0.998784641514168 -0.03649784461999728 0.6121090582711349 -0.8750197184633922 0.011333939960072037 -0.4839545785559045 3.6459009657166463
-0.492780918746824 0.05030129770427832 0.8686983052638578 38.410559102238935 0.03334737683362641 0.9986860650810081 -0.03891138485485429 0.5692216557018561 -0.869514185380175 0.009794021761879651 -0.493810853020035 3.248489296147722
-0.5032731512285735 0.049834071608772144 0.8626892259437057 39.10692372390606 0.02757431403888959 0.9987534501267336 -0.04160772843145052 0.5248793665409457 -0.8636873233165707 0.0028480110309793377 -0.5040199364860685 2.8473298306830706
-0.5146928732655879 0.04825611684327297 0.8560155333852411 39.78913120455631 0.026290246800148354 0.9988336157025848 -0.040499766242324674 0.4816117980245356 -0.8569714517606737 0.0016599185836119474 -0.5153612088016466 2.443049767646591
-0.5230554878370576 0.04976085680322141 0.8508447647918765 40.460190330921975 0.028550963777163613 0.998756891103014 -0.04085969825674037 0.43837996733875384 -0.8518202856887879 0.0029205486550080277 -0.5238259933266203 2.019032417247598
-0.5306754445803349 0.05268911811645255 0.8459358305164588 41.14151559460191 0.03174797517070623 0.998601186616845 -0.04228162910749967 0.3882957564742889 -0.8469803059056443 0.00441892741904605 -0.5316059014800727 1.5926463723674362
-0.5337449955814447 0.05559653907126566 0.8438159186309876 41.81864470251303 0.03297196923015946 0.9984459250269855 -0.04492865502199906 0.34286303965470216 -0.8450024431543648 0.003841827728824485 -0.5347486432174019 1.1519280843880066
-0.5334652701467071 0.057981755900388524 0.8438322828204697 42.50069811333534 0.0326185411157878 0.9983157746548758 -0.04797546092228724 0.30392444994134427 -0.845192780567117 0.0019313357906902385 -0.534458074706786 0.7244581661126286
-0.5304712550180232 0.057928769518114556 0.8457212928983859 43.210201095504225 0.03414239276296723 0.9983128598396245 -0.046965209413379554 0.2556124364436232 -0.8470150793321327 0.003961254970443988 -0.5315541024609213 0.29119590955038926
-0.5243092242086096 0.05674644880184923 0.8496350263249167 43.93954354869072 0.03212963584487174 0.9983848829740054 -0.04685415615983321 0.2048096966373254 -0.8509215733016989 0.0027323977297590537 -0.5252856461891983 -0.14984702395760957
-0.5174159679508397 0.05551044528670322 0.8539316755886066 44.677510274468055 0.03019228277171584 0.9984567186760374 -0.046611232462826516 0.15702028643592902 -0.8552012290511088 0.0016647506549642627 -0.5182934366116622 -0.5881479129895901
-0.5104335979241063 0.054892613975439424 0.8581633545201014 45.43959707297006 0.02850193287714283 0.9984921326296016 -0.046915891753721635 0.10626301281198411 -0.859444693934705 0.000511866900488281 -0.5112284773560213 -1.0331978306855265
-0.5040099813318033 0.053503175284946546 0.8620390646324224 46.227373204419344 0.025959700780862256 0.9985669476023329 -0.04679898600950226 0.05384133209725731 -0.863307611835598 -0.0012088798857217298 -0.5046766350408318 -1.4857336438983335
-0.5001637949658521 0.0511647883028867 0.8644179212876579 47.01919195462944 0.020969060633891975 0.99867578204943 -0.04697851470706164 0.008331927235289222 -0.865676889319271 -0.00537092039323733 -0.5005743466385777 -1.9264097400894573
-0.4996159470179528 0.04820542627718696 0.8649047013184669 47.83135040042325 0.016180604135973553 0.9987955497236883 -0.04632103088166285 -0.04395879541047981 -0.8660958916512358 -0.009148045123411334 -0.4997941773723156 -2.365066599916376
-0.5006200128582904 0.045564356372109455 0.8644671723982109 48.67499841517453 0.012950646922299022 0.9988962689813151 -0.045150022807215105 -0.09812491454384055 -0.865570264894803 -0.011407595872650604 -0.5006575509131423 -2.8313581167803887
-0.5013908789821063 0.04451943224718308 0.8640747691177756 49.537835092467105 0.012288392986193837 0.99894102571834 -0.0443375973029359 -0.15579768856590828 -0.8651336208189854 -0.011612376551297546 -0.5014069912151822 -3.331957352039902
-0.501892856134115 0.0438946135764618 0.8638152718379731 50.41854520010448 0.01137505804360187 0.9989600262835956 -0.04415284749562419 -0.2068969898962499 -0.86485499883856 -0.012334049879923887 -0.5018702045325194 -3.834047807814365
-0.5020514050000255 0.04327862680334297 0.8637542168924648 51.29894487160493 0.011655258874044184 0.9989949777413297 -0.04328035799491746 -0.26732055364639906 -0.8647592391400512 -0.011661685538821331 -0.5020512557621111 -4.338987139213987
-0.502086135368001 0.04245263454810381 0.8637750207612793 52.195059369158884 0.011662417436386394 0.9990359787432148 -0.042321403522514754 -0.3211921894394369 -0.8647389783574958 -0.011175285074725637 -0.5020972140061445 -4.848370641303299
-0.5025902777405977 0.04200560262309644 0.8635036433443098 53.08876413523355 0.010832771516476838 0.9990464757642575 -0.04229409325517678 -0.37713620056226643 -0.8644568605673169 -0.011902462403909592 -0.5025660828257523 -5.354152134651344
-0.5029369108901691 0.04024516187588306 0.8633856557818387 53.995673474168036 0.008951895827069239 0.9991043377869804 -0.04135681051930396 -0.4347591374782408 -0.8642767654087179 -0.013070928077701664 -0.5028467198002095 -5.872278448977211
-0.5029015315386858 0.03940282838034875 0.8634451150430296 54.899695112542986 0.008284554275165916 0.9991342240290744 -0.04076970117955561 -0.49332378766510177 -0.8643040065489148 -0.01334988724436963 -0.5027925663472509 -6.392715399376304
-0.5022838616915717 0.03855862235890701 0.8638426679239586 55.80150501375669 0.007174431873965677 0.9991567399321405 -0.040426928840209514 -0.5538309522187318 -0.8646730305794718 -0.014108213563343094 -0.5021369419775461 -6.911289403424311
-0.5013706129062946 0.03683967485394732 0.8644480012531808 56.69508888639091 0.005960609283785087 0.9992165092144195 -0.03912593577544814 -0.6100633435143913 -0.865212100961916 -0.014463957618647313 -0.501197380558869 -7.417521649539732
-0.4995484768211259 0.034722368446578396 0.8655897853112353 57.60743693383658 0.005213395095857605 0.9992988036634946 -0.037077237063609846 -0.666149718252598 -0.8662702464111693 -0.01400921575809389 -0.4993792166846493 -7.9326186873673805
-0.49717944984078766 0.03360511332102229 0.8669967076146773 58.52167297518313 0.005425406536253948 0.9993505370286623 -0.035623996188389725 -0.7197226648863218 -0.867630773785674 -0.013007709221666944 -0.4970388715994706 -8.451028562284518
-0.4948175214994177 0.03334264912242061 0.8683570050196346 59.431601860109 0.005625704523935572 0.9993656038582536 -0.035167332478127096 -0.7785023959304385 -0.8689786947133873 -0.012516292363038873 -0.4946911870649191 -8.963804339194835
-0.4923134476058968 0.03350924395771098 0.8697727288641417 60.345245059323666 0.006216378621322454 0.9993685569766056 -0.03498348129222319 -0.8395556534650128 -0.8703957869516785 -0.011816001687107544 -0.49221088586183936 -9.483802494113773
-0.4919381694265447 0.033715728533925904 0.8699770612554586 61.2506874481585 0.005748573534562537 0.9993538850156679 -0.035479098162151404 -0.8987035930768241 -0.8706111596824249 -0.012452395492780521 -0.49181413814866315 -9.980718880217596
-0.4930796798562086 0.034889912088582664 0.8692842592313215 62.14535300466186 0.004665679328494255 0.9992871883730456 -0.03746126786279232 -0.9561203288382158 -0.8699716436466773 -0.014415588365909237 -0.492890992068998 -10.476436566839727
-0.49636674146040527 0.03653602519450296 0.8673437477926288 63.018168513129844 0.0029685325927402556 0.9991795554664921 -0.04039063941088223 -1.0139907800510286 -0.8681078537752231 -0.01747383188544689 -0.4960679584623592 -10.960166741935309
-0.5012557738473766 0.03720251106761831 0.864499058620036 63.86999327849996 0.0015351398198421354 0.9991119999715131 -0.04210528302537665 -1.0684531162224593 -0.8652978056891162 -0.019778389296841305 -0.5008677697620605 -11.443248750351227
-0.50691306860429 0.03592234133874876 0.8612483534213123 64.72900273971055 0.0029592937353233044 0.9991979220347993 -0.03993438595893632 -1.1255187209459596 -0.8619921017380432 -0.017694575272432345 -0.5066127895613737 -11.944247481810185
-0.5121040029662427 0.033627079920394 0.8582649414032795 65.6009433100803 0.004257919808369905 0.999320445018586 -0.03661308900858351 -1.184051129564694 -0.8589128944572054 -0.015095286147421562 -0.5118991815497174 -12.461582258927294
-0.5174551863734393 0.031215117120759847 0.8551407758716474 66.46880078596386 0.001728957835221977 0.9993705333449838 -0.03543370974872939 -1.2424795870744871 -0.8557085606677256 -0.01685685453726567 -0.5171834352094771 -12.979578026481102
-0.522674115183551 0.03473278655039927 0.8518247489099698 67.32104093435998 0.0036469190284209663 0.99925170124552 -0.038506331161576354 -1.2945537357434922 -0.852524761692404 -0.01701972668315776 -0.5224096664543425 -13.496691284818509
-0.5274931330671906 0.036530157541905375 0.8487735517538937 68.15259077504935 0.004144187129512072 0.9991738728064274 -0.04042768375793701 -1.3494908119769113 -0.8495491864983409 -0.01780784913907075 -0.5272087444542668 -14.012085730448273
-0.5322495639725212 0.0376385655093863 0.8457504005541192 68.97636603928312 0.0033140776944694302 0.9990961816105068 -0.04237731445398738 -1.4094610546512039 -0.8465810171153691 -0.01975242460289109 -0.5318932441592111 -14.521832863173941
-0.5359349706676898 0.03759628548901733 0.843421737052613 69.7971350297623 0.002361833286977535 0.9990708292665271 -0.043033706001350466 -1.471255715068777 -0.8442559617550494 -0.021071246430019012 -0.535525791736437 -15.037606945847516
-0.5393219355532329 0.03640509524876717 0.8413123788885072 70.5989007246435 0.0026488423133824964 0.999133485884944 -0.04153626148067409 -1.5296032765802412 -0.8420955013925143 -0.020172913109425237 -0.5389510368402359 -15.544599061752766
-0.5418829722911509 0.029263973812592273 0.839944322069981 71.4164701869176 0.0032667644114509546 0.9994594146600169 -0.03271401378199176 -1.583190532908595 -0.8404476025256925 -0.014983266804816082 -0.541685636808534 -16.061979452068776
-0.5442998751206017 0.020298255123180262 0.8386451137296682 72.23799500908778 0.002258566625414054 0.9997390559446844 -0.02273145168308838 -1.6295141181086437 -0.8388876830783091 -0.010478590447974391 -0.5442036882654568 -16.58180558342078
-0.5461173726278812 0.01874598334568382 0.8374988975648981 73.04242415038051 0.0037586931084917868 0.9997943580220086 -0.01992771671483649 -1.677523434703911 -0.8377002372806956 -0.00773497096012839 -0.5460755283695732 -17.101211634595824
-0.5472865621536499 0.02333692273399946 0.8366198700266106 73.8326498374174 0.0033814382076240755 0.9996646771025507 -0.025672927941548615 -1.7129015820567894 -0.8369384593634617 -0.01122147007977852 -0.547181956800076 -17.617807171315725
-0.5483885975096531 0.02989091373655301 0.8356892241721119 74.6129518043183 0.005447944481445814 0.9994674373409893 -0.0321739272696675 -1.754872271494907 -0.8362058753813683 -0.013091026354753711 -0.5482593902585299 -18.13082454002838
-0.5483635102877951 0.03417554506061594 0.8355414368567566 75.36845381720362 0.011603758916888744 0.9993793243125645 -0.03326137272501785 -1.8007469114571057 -0.8361595621434004 -0.008543901706120743 -0.5484197191748206 -18.633861007074326
-0.5484377153855131 0.03541334607873712 0.8354411812103967 76.12845360233266 0.01485224816971741 0.9993577410871803 -0.03261159384981448 -1.845384141541102 -0.8360594973248141 -0.0054772482715295286 -0.5486114441791631 -19.13711671295867
-0.547908461904205 0.032123220435713716 0.8359212977802415 76.90255068068163 0.01308610316352549 0.9994692983550107 -0.029830781916135054 -1.8849199895688427 -0.8364359337556935 -0.005405585497724514 -0.5480380537587366 -19.645065656704748
-0.5471567143342644 0.027212144461672215 0.8365877295016496 77.68403421354107 0.011681968225559223 0.9996223152499694 -0.02487485623394375 -1.9255197685603171 -0.8369486612554595 -0.00383745333256628 -0.5472679529943355 -20.154950163571836
-0.5463111439166308 0.020455953300775643 0.8373324835494288 78.48667559740944 0.009217173073207633 0.9997880159582975 -0.018411052840639226 -1.975065647307917 -0.8375315980624476 -0.0023403249173806775 -0.5463838807342685 -20.673543818110925
-0.546238626300234 0.014311702669398466 0.8375073362689616 79.30061913361888 0.00037680056391056586 0.9998581216100288 -0.016840269350324375 -2.0149463407793515 -0.837629525004321 -0.008883232359857104 -0.5461665195010322 -21.175069239614274
-0.5447153441199647 0.009258484321931097 0.8385698983080205 80.12920496180462 -0.0066859047815475085 0.9998593325446046 -0.015382256034180702 -2.0459221377432284 -0.8385943551905871 -0.013985549381754694 -0.5445768190539966 -21.689485535105064
-0.542932203146021 0.009885071063654284 0.8397183504944198 80.95190231047745 -0.00260958718207145 0.9999060310646719 -0.013458049458436533 -2.087282482636675 -0.8397724768303274 -0.009498126686512622 -0.5428553884301967 -22.215627845643386
-0.5400351960675489 0.01289783654242355 0.8415436012594973 81.7791252398031 0.0009889491375613805 0.9998916053955565 -0.014690113651417811 -2.1224832839234797 -0.8416418531583865 -0.007100934587306784 -0.5399894144704127 -22.742473338796607
-0.5345052128747894 0.016289832166118106 0.8450081767519595 82.59658028582898 0.0035059345148918887 0.9998483697216309 -0.017057138920859933 -2.1522853542024962 -0.8451579058571531 -0.006154586337683267 -0.5344812767854068 -23.26080722698824
-0.5261264627672474 0.018761130569223485 0.8501993678871935 83.41079721035004 0.009191838401705918 0.999823674233448 -0.01637469233653908 -2.1859045313063574 -0.8503566635728892 -0.0008002637590684875 -0.5262061423958245 -23.78166381586852
-0.5178967694704328 0.02206433240993932 0.85515852413888 84.21130151827589 0.01698262703971049 0.9997354848768424 -0.015509695576850993 -2.2249080853911756 -0.8552745328553365 0.006490417040564061 -0.5181344882708737 -24.279936927752544
-0.5078957618376432 0.020666731136941553 0.8611705878230328 85.00408506307853 0.014251278844185155 0.9997769322345046 -0.015588034611829038 -2.254866889035187 -0.8613006421445765 0.004355685464755661 -0.5080769940131781 -24.741635719317287
-0.49691230538836123 0.018486390386122518 0.8676038347795093 85.85779935938356 0.012793973614600898 0.9998204774013241 -0.013975951063481236 -2.2883327840803678 -0.8677064451718492 0.004155278507151341 -0.49705961279081523 -25.21979032978415
-0.4857600742319019 0.015317293643284774 0.8739579685532118 86.71503840146043 0.012766693882765752 0.9998641246001002 -0.010428032651021475 -2.314071243326805 -0.8739989484029803 0.006092031936275036 -0.4858896225866185 -25.686026138435473
-0.47452628814880765 0.014548436373980076 0.8801210966990745 87.61022611837222 0.01239811246767845 0.9998746893015593 -0.00984339887136699 -2.345220352668568 -0.8801540141719221 0.006240888812858927 -0.4746471980786068 -26.16354681688658
-0.46255136641287437 0.014076598289077735 0.8864807289559009 88.51928206742856 0.012917371170007297 0.9998748193657367 -0.009137128672794271 -2.3689467670050126 -0.8864983784258342 0.0072246092582959965 -0.46267529658436063 -26.63730429344908
-0.4500025498280153 0.01532042291850646 0.892895844872109 89.40595900834086 0.013890718156234988 0.999851951698225 -0.01015493152838852 -2.390283504809398 -0.8929192310043409 0.007833219442893273 -0.450148739391516 -27.09120394567356
-0.43789765969539074 0.01869142889951432 0.8988305013288039 90.30702834978322 0.013361903607465902 0.9998087299047267 -0.014281566380270611 -2.4300610805590854 -0.8989255248157544 0.005756222023506059 -0.4380636560395437 -27.52909408079786
-0.4267205244227243 0.02741370481802063 0.9039679655964256 91.21284467579194 0.015739922292358027 0.9996142097704709 -0.022884196974752302 -2.4636079961815285 -0.9042465642083585 0.004463228999214727 -0.4269873893972455 -27.94689560581457
-0.41413117724603615 0.031431358964866436 0.9096743580570075 92.1164239660416 0.014471713279586969 0.9995046467423447 -0.02794692568433492 -2.4979938332954292 -0.9101021577534915 0.0015908532535374026 -0.4143809016332197 -28.358245489632623
-0.40248711750698396 0.02789641325685669 0.9150004974688903 93.04831829456433 0.013460293533476117 0.9996078582232031 -0.024555045844080716 -2.5454557617803286 -0.9153266852544545 0.002433085657177126 -0.402704779404557 -28.760591960318752
-0.390817336100621 0.023942732352097942 0.9201568102072194 94.01209079821308 0.01122236456022252 0.9997112850152906 -0.021246297247868653 -2.5877767631861515 -0.9203998415563137 0.0020229138843072232 -0.3909731953504293 -29.163216709128324
-0.3811436608675084 0.02440012362526264 0.9241937804094879 94.96980996042758 0.007199256593862025 0.9996996849421954 -0.023424573229026503 -2.627253412984395 -0.9244877935835634 -0.002274619427146413 -0.38120486043786495 -29.5480111121261
-0.37464861205040645 0.028714320058338773 0.9267221295039232 95.9138530507209 0.0023660285271811404 0.9995466704686204 -0.030014254348483604 -2.672571608617291 -0.9271638579009146 -0.0090521477382066 -0.37454671167107184 -29.910373889615506
-0.36981516191452546 0.03402240492729323 0.9284822141436482 96.78234149502622 -0.0023144577616064604 0.9992924846582574 -0.037538958307176545 -2.7170461447084358 -0.9291024643726856 -0.016031408811505166 -0.3694747685947111 -30.237915598732556
-0.36576744337574646 0.036209665016039456 0.9300016330769485 97.66199678318854 -0.005028927117137795 0.9991514125747459 -0.040879880649675626 -2.763861871237313 -0.9306926921698778 -0.019629439862296396 -0.36527496195643067 -30.579977332956016
-0.3623250541251766 0.036005643784804794 0.931356080545365 98.52515891732803 -0.0064557253668232045 0.9991326464550842 -0.0411373115023247 -2.8159760139967083 -0.9320294409315458 -0.020917657691361294 -0.36177834765714095 -30.905323698246914
-0.35753991449868366 0.036259007849367746 0.9331937065208104 99.39617363514168 -0.0063193772268087265 0.9991291984082139 -0.04124209451053802 -2.8699687514768013 -0.9338764773843133 -0.020642898002229078 -0.3569994338235431 -31.23003916252308
-0.3520626254621475 0.03223229163891003 0.9354212885798563 100.2658362765467 -0.00808427321490075 0.9992648700766155 -0.037474844327131086 -2.922331187864625 -0.9359415325111294 -0.020755693350505037 -0.3515432390393152 -31.544821054088082
-0.34711899505866306 0.028434047549992413 0.9373899445851676 101.14561901297586 -0.007673804504680651 0.9994206860307739 -0.03315727760525244 -2.974243127394765 -0.937789697103718 -0.018702868060612127 -0.34669970685366797 -31.857559155139903
-0.3414677360322553 0.025508746915730834 0.9395472787889868 102.0216865644229 -0.009767032817326462 0.9994813626761377 -0.030685676348866025 -3.0224574565004643 -0.9398427476545993 -0.019654757536823247 -0.3410414933512007 -32.17120291076136
-0.3358414743375394 0.024073859304313928 0.9416108290652667 102.88625932920314 -0.018156733601516085 0.9993221283606001 -0.0320252524385886 -3.06315112619892 -0.9417435092102876 -0.027851984974644087 -0.3351767142766042 -32.460664397974476
-0.330129493303947 0.023731808139604137 0.9436372814452063 103.7608167565265 -0.025320654709794572 0.9991015360471385 -0.03398507191852767 -3.109687478308052 -0.943595984569637 -0.0351129883471209 -0.32923197893489614 -32.74156185250343
-0.32373172043762416 0.027924662180540457 0.945736742663937 104.61238960490587 -0.023574133851571324 0.9990159908621024 -0.03756740894648624 -3.15917816618716 -0.9458551862709426 -0.0344566864905336 -0.3227548657424834 -33.0256594521406
-0.31657984425164426 0.03086603519003918 0.948063547493124 105.45688071330133 -0.02120496793757297 0.9989903919617736 -0.039604874735582246 -3.2084303233143654 -0.9483288203721144 -0.032641762202765004 -0.31560570940958366 -33.30529725214519
-0.3100394606380474 0.029098008078177143 0.950278295434104 106.29757473994422 -0.022326244619473166 0.9990330401815067 -0.037875102994976866 -3.253197306983955 -0.9504615045589457 -0.03295892218460604 -0.30909001569117134 -33.57208318814797
-0.3033082828071954 0.024085060069023695 0.9525880512908068 107.18060176928469 -0.02256803563240931 0.9992185411385467 -0.0324498199169214 -3.3034431427920357 -0.9526251987787429 -0.03134034024093792 -0.3025277073679982 -33.84400001628615
-0.29626768266752423 0.021112318053998654 0.9548715778748452 108.07841359554793 -0.024332587531848936 0.999264323127914 -0.02964351038099686 -3.3522073933645555 -0.9547949441585951 -0.03201691037701868 -0.2955360080583912 -34.11378946280555
-0.2897352275104503 0.023974338332365112 0.9568065264414679 108.95335747237685 -0.025993913875199413 0.999120371446591 -0.03290592350726303 -3.3978767297381385 -0.9567537898440284 -0.034405151677362536 -0.2888571812455784 -34.36899102589641
-0.28326552006102645 0.026830871070479413 0.9586661303614257 109.86731934068092 -0.02505188401333059 0.9990604639599259 -0.035363716710093286 -3.4415934588930686 -0.9587142683051781 -0.03403371431049411 -0.2823272180259857 -34.630704078546884
-0.2767199494459447 0.02703077729076436 0.9605703548713572 110.79387165385472 -0.027249760170246756 0.9989815825933805 -0.035961760383500595 -3.4910887334094145 -0.9605641676375878 -0.036126648312198605 -0.2757015508342826 -34.88697839234283
-0.26961855713838656 0.026461058415023907 0.9626035767823458 111.72439529206426 -0.02715450114512543 0.9990159575275561 -0.03506778682567466 -3.5423531567551176 -0.9625842647343494 -0.03559394601400908 -0.2686347041857725 -35.14198558069725
-0.2612542354299201 0.026527997172143613 0.9649054305142845 112.61944553453971 -0.02263252271407638 0.9991791287914501 -0.03359817708071039 -3.5931561312206264 -0.9650046597739924 -0.030615910138106037 -0.2604393838513883 -35.39184593812266
-0.2537902145704357 0.02761357949496538 0.9668650460202609 113.52476436533807 -0.019391398105863846 0.9992462685289298 -0.0336283884612527 -3.639569408870971 -0.9670648895848644 -0.02728342094525852 -0.2530634589855514 -35.63077495790315
-0.24721306950583183 0.027814027930181714 0.968561860758412 114.42116472109764 -0.018457798131683075 0.9992713747175908 -0.033407025580523574 -3.687694429525426 -0.9687853260416515 -0.026136172640743204 -0.2465195581004854 -35.85250934679148
-0.2407788881065859 0.026264327033340185 0.9702245679056141 115.30498599939554 -0.02534059043025749 0.9991229200040395 -0.03333534459456948 -3.7296142354120656 -0.9702491337377204 -0.03261251060679613 -0.23990215220610162 -36.054007900334014
-0.23531511869849542 0.025044110718582552 0.9715964118039043 116.19599932664488 -0.029964635871927294 0.999005805809646 -0.03300788626485104 -3.761589455508927 -0.9714571094541282 -0.036880787368571345 -0.23433073211616626 -36.25711848436933
-0.2307122834908183 0.02522180984910386 0.972695071723087 117.07706587940142 -0.02686613410663646 0.9991177399959917 -0.03227928845957378 -3.8076906981998766 -0.9726510438408066 -0.033579784591740484 -0.22983112274484474 -36.45858790819971
-0.22578373488070003 0.025431961208624232 0.9738454294252237 117.94773832858827 -0.024801776243919174 0.9991850856937234 -0.03184393854980318 -3.8549373740428265 -0.9738616826626163 -0.03134293981585034 -0.22496898267368273 -36.66284267784698
-0.22067192965345087 0.026795942992106477 0.9749799366664833 118.78718011366924 -0.024135483547513742 0.9991664174757604 -0.032923375017956454 -3.8964612590360104 -0.9750494233098873 -0.030796876916482984 -0.21984124834807728 -36.85298496807831
-0.21480171435512604 0.02576071643514539 0.9763178831706609 119.64543562050628 -0.01816527779843925 0.9993737792191425 -0.03036563998576366 -3.938382441072126 -0.9764887332645463 -0.024257677093808307 -0.2141992504875036 -37.04573696154771
-0.2092553610054906 0.024341305668026062 0.9775580262720118 120.50924259372725 -0.010829549726126259 0.9995711417099936 -0.027207600285576145 -3.9798965023527226 -0.9778010609235323 -0.016279849475534527 -0.2089020147290662 -37.24213573467131
-0.20436653937541374 0.023402777869103403 0.9786146471271112 121.36543433567799 -0.00892247139812339 0.9996281152315605 -0.025768599937486144 -4.025039337722036 -0.9788537720660127 -0.013997900792546392 -0.20408172795606933 -37.42086945186114
